48686	9395237	5310271	37	0
48687	9395235	5310271	27	0
48688	9395233	5310271	29	0
48689	9395233	5310271	51	0
48690	9395233	5310272	44	0
48691	9395231	5310272	38	0
48692	9395231	5310272	48	0
48693	9395230	5310272	57	0
48694	9395226	5310272	38	0
48695	9395225	5310272	38	0
48696	9395224	5310272	16	0
48697	9395224	5310272	25	0
48698	9395224	5310272	16	0
48699	9395224	5310272	55	0
48700	9395220	5310272	162	0
48701	9395197	5310273	303	0
48702	9395165	5310273	429	0
48703	9395144	5310274	468	0
48704	9395145	5310275	401	0
48705	9395135	5310276	335	0
48706	9395150	5310277	242	0
48707	9395150	5310277	203	0
48708	9395150	5310278	207	0
48709	9395152	5310278	220	0
48710	9395165	5310280	364	0
48711	9395180	5310282	511	0
48712	9395206	5310284	677	0
48713	9395245	5310286	1246	0
48714	9395315	5310288	1803	0
48715	9395393	5310290	2042	0
48716	9395475	5310293	2146	0
48717	9395563	5310296	2431	0
48718	9395672	5310299	2872	0
48719	9395792	5310303	3296	0
48720	9395947	5310306	3718	0
48721	9396098	5310310	3787	0
48722	9396248	5310314	3735	0
48723	9396390	5310317	3579	0
48724	9396528	5310321	3581	0
48725	9396658	5310324	3185	0
48726	9396776	5310328	2709	0
48727	9396900	5310329	2331	0
48728	9396994	5310331	1937	0
48729	9397077	5310331	1946	0
48730	9397166	5310330	2037	0
48731	9397248	5310326	2370	0
48732	9397313	5310322	2531	0
48733	9397365	5310316	2592	0
48734	9397415	5310309	3124	0
48735	9397467	5310302	3316	0
48736	9397540	5310294	3570	0
48737	9397592	5310285	4004	0
48738	9397645	5310275	4033	0
48739	9397667	5310266	4026	0
48740	9397710	5310255	4152	0
48741	9397781	5310245	4392	0
48742	9397886	5310234	4813	0
48743	9397993	5310223	4870	0
48744	9398104	5310212	4939	0
48745	9398207	5310201	4983	0
48746	9398334	5310191	5037	0
48747	9398467	5310182	5102	0
48748	9398610	5310172	5096	0
48749	9398755	5310162	5065	0
48750	9398900	5310153	5115	0
48751	9399050	5310143	5307	0
48752	9399199	5310133	5296	0
48753	9399352	5310123	5261	0
48754	9399505	5310113	5439	0
48755	9399662	5310103	5491	0
48756	9399814	5310092	5737	0
48757	9399966	5310081	5930	0
48758	9400125	5310069	5865	0
48759	9400280	5310058	5948	0
48760	9400440	5310048	5550	0
48761	9400597	5310038	5261	0
48762	9400752	5310029	5452	0
48763	9400907	5310018	5344	0
48764	9401062	5310007	5500	0
48765	9401220	5309997	5496	0
48766	9401375	5309987	5454	0
48767	9401524	5309976	5380	0
48768	9401677	5309966	5420	0
48769	9401823	5309955	5333	0
48770	9401977	5309944	5352	0
48771	9402126	5309933	5398	0
48772	9402290	5309922	5378	0
48773	9402443	5309911	5398	0
48774	9402595	5309901	5418	0
48775	9402748	5309890	5448	0
48776	9402910	5309879	5707	0
48777	9403069	5309868	5591	0
48778	9403225	5309858	5591	0
48779	9403383	5309847	5646	0
48780	9403539	5309837	5570	0
48781	9403691	5309826	5626	0
48782	9403843	5309815	5607	0
48783	9404000	5309804	5630	0
48784	9404161	5309794	5687	0
48785	9404322	5309783	5656	0
48786	9404480	5309773	5678	0
48787	9404636	5309762	5670	0
48788	9404795	5309752	5681	0
48789	9404952	5309741	5689	0
48790	9405111	5309730	5693	0
48791	9405285	5309719	6087	0
48792	9405468	5309707	6472	0
48793	9405655	5309694	6656	0
48794	9405847	5309681	6946	0
48795	9406045	5309667	7095	0
48796	9406241	5309654	7200	0
48797	9406442	5309639	7289	0
48798	9406640	5309626	7237	0
48799	9406843	5309611	7361	0
48800	9407053	5309597	7680	0
48801	9407262	5309582	7559	0
48802	9407480	5309567	7998	0
48803	9407701	5309551	8008	0
48804	9407931	5309536	8148	0
48805	9408165	5309520	8376	0
48806	9408395	5309505	8311	0
48807	9408622	5309490	8271	0
48808	9408852	5309473	8376	0
48809	9409083	5309456	8419	0
48810	9409322	5309439	8443	0
48811	9409569	5309422	8463	0
48812	9409815	5309405	8524	0
48813	9410064	5309388	8571	0
48814	9410316	5309370	9122	0
48815	9410570	5309352	9111	0
48816	9410833	5309335	9100	0
48817	9411097	5309317	9232	0
48818	9411357	5309299	9261	0
48819	9411623	5309281	9334	0
48820	9411886	5309264	9319	0
48821	9412145	5309246	9343	0
48822	9412401	5309229	9241	0
48823	9412657	5309211	9306	0
48824	9412913	5309194	9108	0
48825	9413167	5309176	9095	0
48826	9413422	5309159	9111	0
48827	9413678	5309140	9374	0
48828	9413937	5309121	9232	0
48829	9414190	5309102	9558	0
48830	9414443	5309084	9550	0
48831	9414708	5309065	9560	0
48832	9414968	5309047	9545	0
48833	9415230	5309029	9539	0
48834	9415492	5309010	9589	0
48835	9415751	5308993	9548	0
48836	9416012	5308974	9532	0
48837	9416275	5308955	9545	0
48838	9416536	5308936	9537	0
48839	9416801	5308918	9572	0
48840	9417067	5308900	9582	0
48841	9417334	5308882	9648	0
48842	9417597	5308864	9528	0
48843	9417858	5308846	9415	0
48844	9418127	5308828	9495	0
48845	9418386	5308811	9460	0
48846	9418643	5308793	9356	0
48847	9418900	5308775	9391	0
48848	9419162	5308757	9391	0
48849	9419425	5308738	9389	0
48850	9419690	5308719	9393	0
48851	9419949	5308701	9422	0
48852	9420210	5308683	9293	0
48853	9420468	5308665	9241	0
48854	9420736	5308646	9371	0
48855	9420995	5308627	9308	0
48856	9421244	5308607	9310	0
48857	9421463	5308587	9317	0
48858	9421679	5308567	9343	0
48859	9421891	5308547	9508	0
48860	9422107	5308527	9426	0
48861	9422321	5308506	9689	0
48862	9422540	5308485	9678	0
48863	9422755	5308465	9667	0
48864	9422976	5308444	9726	0
48865	9423200	5308422	9847	0
48866	9423427	5308401	9843	0
48867	9423654	5308380	9860	0
48868	9423882	5308359	9911	0
48869	9424110	5308337	10228	0
48870	9424341	5308315	10187	0
48871	9424575	5308293	10176	0
48872	9424575	5308293	10176	0
48873	9425030	5308250	10097	0
48874	9425255	5308228	10197	0
48875	9425480	5308206	10165	0
48876	9425705	5308183	10176	0
48877	9425933	5308161	10348	0
48878	9426158	5308139	10261	0
48879	9426387	5308117	10265	0
48880	9426613	5308095	10236	0
48881	9426838	5308073	10284	0
48882	9427058	5308050	10317	0
48883	9427287	5308029	10274	0
48884	9427511	5308007	9987	0
48885	9427742	5307985	10126	0
48886	9427967	5307963	10221	0
48887	9428193	5307942	10169	0
48888	9428420	5307920	10163	0
48889	9428655	5307898	10206	0
48890	9428886	5307878	10219	0
48891	9429118	5307857	9848	0
48892	9429365	5307838	9667	0
48893	9429630	5307819	9787	0
48894	9429902	5307800	9711	0
48895	9430177	5307781	10058	0
48896	9430469	5307763	10187	0
48897	9430758	5307744	10341	0
48898	9431050	5307725	10284	0
48899	9431347	5307706	10376	0
48900	9431646	5307688	10241	0
48901	9431940	5307669	10234	0
48902	9432240	5307649	10276	0
48903	9432542	5307628	10260	0
48904	9432841	5307608	10497	0
48905	9433157	5307587	10445	0
48906	9433463	5307567	10465	0
48907	9433768	5307547	10511	0
48908	9434080	5307527	10737	0
48909	9434392	5307506	10678	0
48910	9434702	5307485	10778	0
48911	9435012	5307465	10724	0
48912	9435322	5307444	10576	0
48913	9435621	5307425	10386	0
48914	9435920	5307406	10439	0
48915	9436218	5307387	10473	0
48916	9436526	5307368	10517	0
48917	9436822	5307349	10286	0
48918	9437120	5307329	10467	0
48919	9437415	5307310	10430	0
48920	9437707	5307290	10406	0
48921	9437999	5307271	10393	0
48922	9438293	5307253	10160	0
48923	9438585	5307234	10017	0
48924	9438865	5307214	9841	0
48925	9439147	5307196	9582	0
48926	9439424	5307177	9447	0
48927	9439687	5307158	9352	0
48928	9439940	5307141	9150	0
48929	9440185	5307123	9124	0
48930	9440432	5307107	8680	0
48931	9440677	5307091	8502	0
48932	9440915	5307075	8546	0
48933	9441142	5307059	8326	0
48934	9441370	5307044	8282	0
48935	9441600	5307029	7935	0
48936	9441823	5307015	7737	0
48937	9442045	5307001	7620	0
48938	9442262	5306987	7613	0
48939	9442472	5306975	7669	0
48940	9442680	5306962	7619	0
48941	9442890	5306948	7535	0
48942	9443096	5306934	7483	0
48943	9443276	5306920	7426	0
48944	9443479	5306905	7435	0
48945	9443685	5306892	7478	0
48946	9443900	5306878	7570	0
48947	9444121	5306864	7574	0
48948	9444340	5306851	7624	0
48949	9444563	5306836	7674	0
48950	9444790	5306822	7917	0
48951	9445022	5306808	8015	0
48952	9445256	5306793	8113	0
48953	9445488	5306778	8208	0
48954	9445722	5306764	8233	0
48955	9445956	5306748	8254	0
48956	9446192	5306732	8304	0
48957	9446424	5306716	8435	0
48958	9446657	5306700	8450	0
48959	9446895	5306684	8459	0
48960	9447137	5306668	8508	0
48961	9447378	5306651	8830	0
48962	9447625	5306635	8667	0
48963	9447875	5306619	8722	0
48964	9447875	5306619	8722	0
48965	9448383	5306589	8772	0
48966	9448645	5306573	8832	0
48967	9448907	5306557	8785	0
48968	9449172	5306540	9185	0
48969	9449435	5306523	9298	0
48970	9449707	5306506	9437	0
48971	9449986	5306489	9663	0
48972	9450263	5306470	9654	0
48973	9450553	5306452	10171	0
48974	9450842	5306432	10043	0
48975	9451123	5306413	10154	0
48976	9451404	5306394	10219	0
48977	9451682	5306376	9826	0
48978	9451959	5306358	9576	0
48979	9452242	5306341	9647	0
48980	9452535	5306322	9993	0
48981	9452837	5306302	10239	0
48982	9453132	5306283	10311	0
48983	9453445	5306263	10384	0
48984	9453753	5306243	10458	0
48985	9454057	5306224	10469	0
48986	9454357	5306205	10473	0
48987	9454665	5306185	10552	0
48988	9454967	5306165	10543	0
48989	9455272	5306145	10576	0
48990	9455570	5306125	10580	0
48991	9455869	5306106	10580	0
48992	9456163	5306086	10561	0
48993	9456455	5306068	10074	0
48994	9456743	5306050	10063	0
48995	9457035	5306032	10058	0
48996	9457315	5306013	10008	0
48997	9457600	5305995	9913	0
48998	9457880	5305977	9937	0
48999	9458160	5305959	9854	0
49000	9458437	5305941	9847	0
49001	9458703	5305923	9441	0
49002	9458961	5305906	9378	0
49003	9459215	5305888	9404	0
49004	9459461	5305872	8759	0
49005	9459702	5305856	8426	0
49006	9459937	5305841	8243	0
49007	9460163	5305826	7935	0
49008	9460385	5305811	7895	0
49009	9460605	5305796	7728	0
49010	9460829	5305781	7909	0
49011	9461050	5305767	7735	0
49012	9461271	5305753	7761	0
49013	9461487	5305739	7620	0
49014	9461695	5305723	7882	0
49015	9461908	5305707	8006	0
49016	9462111	5305692	7783	0
49017	9462308	5305677	7876	0
49018	9462505	5305662	7889	0
49019	9462702	5305646	7898	0
49020	9462898	5305630	7856	0
49021	9463083	5305615	7833	0
49022	9463279	5305601	7537	0
49023	9463484	5305586	7613	0
49024	9463678	5305571	7606	0
49025	9463865	5305555	7556	0
49026	9464057	5305539	7543	0
49027	9464253	5305522	8411	0
49028	9464463	5305505	8508	0
49029	9464679	5305488	8395	0
49030	9464895	5305470	8661	0
49031	9465123	5305452	8947	0
49032	9465357	5305435	9041	0
49033	9465600	5305416	9417	0
49034	9465854	5305396	9602	0
49035	9466108	5305377	9680	0
49036	9466365	5305357	9837	0
49037	9466627	5305337	9841	0
49038	9466888	5305318	10065	0
49039	9467147	5305298	9960	0
49040	9467395	5305278	10043	0
49041	9467642	5305258	10054	0
49042	9467890	5305237	10074	0
49043	9468137	5305217	10076	0
49044	9468389	5305197	9869	0
49045	9468643	5305177	9982	0
49046	9468902	5305157	10006	0
49047	9469160	5305137	10124	0
49048	9469417	5305118	10039	0
49049	9469670	5305098	10058	0
49050	9469925	5305079	9932	0
49051	9470177	5305059	9995	0
49052	9470424	5305040	9598	0
49053	9470667	5305021	9639	0
49054	9470905	5305003	9617	0
49055	9471131	5304984	8898	0
49056	9471367	5304967	8739	0
49057	9471593	5304950	8678	0
49058	9471824	5304933	8726	0
49059	9472055	5304915	8730	0
49060	9472292	5304898	8652	0
49061	9472518	5304882	8646	0
49062	9472738	5304865	8435	0
49063	9472954	5304849	8391	0
49064	9473170	5304833	8424	0
49065	9473382	5304815	8417	0
49066	9473585	5304798	8408	0
49067	9473786	5304782	8071	0
49068	9473987	5304766	7939	0
49069	9474192	5304751	7935	0
49070	9474395	5304735	7887	0
49071	9474597	5304719	7815	0
49072	9474800	5304703	7789	0
49073	9475017	5304686	8384	0
49074	9475230	5304670	8378	0
49075	9475440	5304653	8548	0
49076	9475650	5304635	8546	0
49077	9475860	5304617	8652	0
49078	9476075	5304600	8730	0
49079	9476295	5304583	8708	0
49080	9476512	5304566	8356	0
49081	9476727	5304550	8272	0
49082	9476936	5304534	8133	0
49083	9477137	5304517	8041	0
49084	9477342	5304502	8033	0
49085	9477547	5304486	8071	0
49086	9477755	5304470	7991	0
49087	9477965	5304454	8015	0
49088	9478187	5304437	8006	0
49089	9478409	5304420	8024	0
49090	9478626	5304403	8032	0
49091	9478845	5304386	8354	0
49092	9478845	5304386	8354	0
49093	9479281	5304352	8332	0
49094	9479502	5304335	8400	0
49095	9479720	5304319	8454	0
49096	9479935	5304302	8384	0
49097	9480148	5304285	8456	0
49098	9480370	5304268	8463	0
49099	9480590	5304250	8641	0
49100	9480813	5304233	8637	0
49101	9481038	5304216	8630	0
49102	9481265	5304199	8626	0
49103	9481265	5304199	8626	0
49104	9481710	5304164	8669	0
49105	9481932	5304147	8611	0
49106	9482152	5304130	8635	0
49107	9482367	5304114	8622	0
49108	9482585	5304097	8608	0
49109	9482810	5304080	8608	0
49110	9483030	5304062	8613	0
49111	9483252	5304046	8461	0
49112	9483470	5304028	8409	0
49113	9483686	5304012	8213	0
49114	9483907	5303996	8304	0
49115	9484123	5303979	8496	0
49116	9484332	5303962	8446	0
49117	9484545	5303945	8511	0
49118	9484756	5303929	8426	0
49119	9484959	5303912	8500	0
49120	9485160	5303896	8285	0
49121	9485363	5303879	8276	0
49122	9485567	5303863	8313	0
49123	9485772	5303846	8261	0
49124	9485985	5303829	8554	0
49125	9486192	5303813	8293	0
49126	9486400	5303797	8369	0
49127	9486400	5303797	8369	0
49128	9486798	5303767	7632	0
49129	9487000	5303751	7978	0
49130	9487192	5303734	7937	0
49131	9487395	5303719	8119	0
49132	9487597	5303702	7963	0
49133	9487803	5303686	8111	0
49134	9488011	5303670	8141	0
49135	9488225	5303654	8137	0
49136	9488435	5303638	8124	0
49137	9488642	5303621	8465	0
49138	9488843	5303604	8346	0
49139	9489065	5303587	8391	0
49140	9489271	5303571	8417	0
49141	9489487	5303555	8067	0
49142	9489694	5303539	7889	0
49143	9489903	5303523	7682	0
49144	9490110	5303506	7841	0
49145	9490318	5303489	7696	0
49146	9490526	5303473	8119	0
49147	9490733	5303456	8122	0
49148	9490943	5303439	8076	0
49149	9491157	5303423	8161	0
49150	9491157	5303423	8161	0
49151	9491585	5303389	8189	0
49152	9491800	5303373	7909	0
49153	9492015	5303357	8052	0
49154	9492233	5303341	8048	0
49155	9492447	5303327	7724	0
49156	9492668	5303312	7558	0
49157	9492890	5303298	7608	0
49158	9493110	5303283	7558	0
49159	9493321	5303269	7550	0
49160	9493537	5303255	7600	0
49161	9493753	5303241	7722	0
49162	9493970	5303227	7778	0
49163	9494184	5303213	7409	0
49164	9494396	5303199	7609	0
49165	9494617	5303185	7435	0
49166	9494835	5303172	7432	0
49167	9495057	5303158	7589	0
49168	9495276	5303145	7530	0
49169	9495490	5303130	7572	0
49170	9495704	5303117	7445	0
49171	9495916	5303103	7435	0
49172	9496125	5303090	7374	0
49173	9496332	5303077	7374	0
49174	9496542	5303064	7345	0
49175	9496750	5303051	7332	0
49176	9496959	5303037	7345	0
49177	9497169	5303024	7304	0
49178	9497372	5303011	7311	0
49179	9497581	5302997	7359	0
49180	9497790	5302984	7348	0
49181	9498007	5302970	7611	0
49182	9498225	5302956	7615	0
49183	9498446	5302942	7622	0
49184	9498665	5302928	7661	0
49185	9498875	5302914	7659	0
49186	9499090	5302900	7604	0
49187	9499305	5302887	7406	0
49188	9499512	5302874	7233	0
49189	9499713	5302861	7000	0
49190	9499913	5302849	7011	0
49191	9500112	5302836	6928	0
49192	9500308	5302824	6900	0
49193	9500512	5302812	6794	0
49194	9500717	5302799	7091	0
49195	9500928	5302787	6961	0
49196	9501142	5302773	7396	0
49197	9501351	5302760	7233	0
49198	9501556	5302747	7165	0
49199	9501755	5302734	6811	0
49200	9501951	5302721	6857	0
49201	9502149	5302709	6889	0
49202	9502345	5302696	6982	0
49203	9502543	5302683	6872	0
49204	9502744	5302669	7445	0
49205	9502952	5302655	7432	0
49206	9503159	5302641	7209	0
49207	9503355	5302628	6932	0
49208	9503558	5302615	6991	0
49209	9503761	5302602	6919	0
49210	9503960	5302590	6844	0
49211	9504157	5302577	6856	0
49212	9504358	5302564	7111	0
49213	9504566	5302551	7343	0
49214	9504778	5302537	7485	0
49215	9504987	5302524	7420	0
49216	9505201	5302510	7419	0
49217	9505413	5302496	7537	0
49218	9505620	5302483	7524	0
49219	9505825	5302469	7504	0
49220	9506025	5302456	7487	0
49221	9506231	5302443	7111	0
49222	9506440	5302429	7296	0
49223	9506654	5302415	7245	0
49224	9506866	5302401	7393	0
49225	9507078	5302388	7343	0
49226	9507287	5302375	7257	0
49227	9507493	5302362	7298	0
49228	9507696	5302348	7130	0
49229	9507903	5302335	7087	0
49230	9508108	5302323	6957	0
49231	9508308	5302311	6915	0
49232	9508509	5302298	7200	0
49233	9508712	5302285	7193	0
49234	9508924	5302271	7139	0
49235	9509129	5302258	7069	0
49236	9509327	5302245	7159	0
49237	9509525	5302232	6950	0
49238	9509724	5302219	6944	0
49239	9509918	5302207	6941	0
49240	9510114	5302194	6998	0
49241	9510317	5302181	7178	0
49242	9510527	5302167	7387	0
49243	9510738	5302154	7348	0
49244	9510946	5302140	7356	0
49245	9511155	5302127	7435	0
49246	9511365	5302113	7426	0
49247	9511581	5302099	7456	0
49248	9511795	5302085	7458	0
49249	9512007	5302072	7472	0
49250	9512214	5302059	7182	0
49251	9512420	5302046	7148	0
49252	9512624	5302033	7157	0
49253	9512829	5302019	7154	0
49254	9513028	5302006	6957	0
49255	9513224	5301994	6748	0
49256	9513418	5301981	6911	0
49257	9513612	5301969	6832	0
49258	9513805	5301956	6952	0
49259	9514002	5301943	6850	0
49260	9514208	5301930	7070	0
49261	9514421	5301917	7250	0
49262	9514633	5301904	7157	0
49263	9514842	5301892	7043	0
49264	9515045	5301879	7045	0
49265	9515248	5301866	6948	0
49266	9515450	5301853	6857	0
49267	9515641	5301840	6824	0
49268	9515828	5301827	6787	0
49269	9516008	5301813	6774	0
49270	9516185	5301799	6763	0
49271	9516350	5301784	7202	0
49272	9516505	5301768	7115	0
49273	9516646	5301751	7085	0
49274	9516777	5301735	7054	0
49275	9516891	5301719	6772	0
49276	9516989	5301703	6570	0
49277	9517072	5301688	6504	0
49278	9517147	5301672	6426	0
49279	9517215	5301657	6272	0
49280	9517282	5301642	6026	0
49281	9517348	5301627	5815	0
49282	9517413	5301613	5652	0
49283	9517477	5301600	5509	0
49284	9517537	5301587	5083	0
49285	9517589	5301576	4789	0
49286	9517636	5301564	4655	0
49287	9517687	5301553	4746	0
49288	9517735	5301541	4737	0
49289	9517783	5301529	4683	0
49290	9517834	5301518	4513	0
49291	9517883	5301507	4570	0
49292	9517937	5301496	4563	0
49293	9517988	5301485	4522	0
49294	9518035	5301475	4426	0
49295	9518068	5301464	4233	0
49296	9518086	5301454	4167	0
49297	9518082	5301443	4091	0
49298	9518055	5301433	4154	0
49299	9518010	5301423	4261	0
49300	9517940	5301412	4492	0
49301	9517845	5301400	4770	0
49302	9517755	5301388	5030	0
49303	9517667	5301376	5022	0
49304	9517573	5301364	5259	0
49305	9517480	5301352	5261	0
49306	9517385	5301340	5270	0
49307	9517290	5301328	5587	0
49308	9517195	5301315	5600	0
49309	9517080	5301302	5505	0
49310	9516976	5301288	5328	0
49311	9516869	5301275	5441	0
49312	9516768	5301262	5450	0
49313	9516662	5301249	5389	0
49314	9516550	5301236	5381	0
49315	9516459	5301224	5378	0
49316	9516376	5301212	5194	0
49317	9516298	5301200	5328	0
49318	9516235	5301188	5255	0
49319	9516200	5301177	5222	0
49320	9516191	5301166	4715	0
49321	9516207	5301154	4752	0
49322	9516243	5301141	4870	0
49323	9516312	5301129	5059	0
49324	9516394	5301117	5218	0
49325	9516481	5301104	5465	0
49326	9516575	5301090	5687	0
49327	9516662	5301077	5737	0
49328	9516764	5301063	5817	0
49329	9516860	5301049	5750	0
49330	9516952	5301035	5859	0
49331	9517043	5301023	5441	0
49332	9517135	5301010	5396	0
49333	9517223	5300997	5355	0
49334	9517315	5300985	5428	0
49335	9517402	5300972	5418	0
49336	9517495	5300959	5346	0
49337	9517602	5300948	5289	0
49338	9517720	5300936	5235	0
49339	9517854	5300925	5378	0
49340	9518003	5300915	5302	0
49341	9518168	5300905	5731	0
49342	9518345	5300894	5863	0
49343	9518525	5300884	5852	0
49344	9518708	5300874	5911	0
49345	9518893	5300865	5972	0
49346	9519076	5300855	5726	0
49347	9519260	5300846	5759	0
49348	9519450	5300837	5724	0
49349	9519637	5300829	5681	0
49350	9519820	5300820	5672	0
49351	9520001	5300811	5561	0
49352	9520180	5300802	5454	0
49353	9520351	5300794	5354	0
49354	9520522	5300784	5352	0
49355	9520697	5300776	5320	0
49356	9520873	5300767	5489	0
49357	9521053	5300758	5522	0
49358	9521230	5300749	5478	0
49359	9521410	5300739	5446	0
49360	9521586	5300731	5494	0
49361	9521763	5300722	5509	0
49362	9521938	5300713	5485	0
49363	9522101	5300705	5461	0
49364	9522265	5300696	5078	0
49365	9522422	5300688	4998	0
49366	9522572	5300680	5048	0
49367	9522730	5300672	5185	0
49368	9522893	5300663	5267	0
49369	9523058	5300655	5218	0
49370	9523230	5300646	5226	0
49371	9523395	5300638	5107	0
49372	9523555	5300630	5191	0
49373	9523710	5300622	4922	0
49374	9523867	5300614	4926	0
49375	9524029	5300606	5054	0
49376	9524194	5300598	5143	0
49377	9524360	5300590	5205	0
49378	9524524	5300581	5291	0
49379	9524690	5300572	5293	0
49380	9524854	5300564	5193	0
49381	9525017	5300556	5276	0
49382	9525180	5300547	5265	0
49383	9525338	5300539	4959	0
49384	9525498	5300531	5085	0
49385	9525657	5300523	5096	0
49386	9525820	5300515	5150	0
49387	9525987	5300507	5283	0
49388	9526160	5300498	5320	0
49389	9526332	5300490	5404	0
49390	9526508	5300481	5537	0
49391	9526685	5300472	5546	0
49392	9526870	5300463	5772	0
49393	9527065	5300454	5981	0
49394	9527267	5300444	6294	0
49395	9527475	5300433	6609	0
49396	9527692	5300422	6826	0
49397	9527917	5300411	7132	0
49398	9528147	5300399	7341	0
49399	9528381	5300387	7570	0
49400	9528622	5300374	7513	0
49401	9528863	5300362	7611	0
49402	9529115	5300350	7730	0
49403	9529368	5300337	7776	0
49404	9529623	5300324	7811	0
49405	9529877	5300312	7783	0
49406	9530133	5300300	8017	0
49407	9530392	5300287	7950	0
49408	9530648	5300274	7980	0
49409	9530903	5300261	8013	0
49410	9531157	5300248	8033	0
49411	9531404	5300235	8045	0
49412	9531650	5300223	7487	0
49413	9531885	5300211	7324	0
49414	9532105	5300200	6930	0
49415	9532318	5300189	6732	0
49416	9532532	5300178	6689	0
49417	9532740	5300167	6519	0
49418	9532945	5300157	6357	0
49419	9533150	5300147	6367	0
49420	9533359	5300137	6437	0
49421	9533570	5300127	6339	0
49422	9533789	5300116	6617	0
49423	9534003	5300105	6670	0
49424	9534218	5300095	6680	0
49425	9534443	5300086	6694	0
49426	9534670	5300077	6722	0
49427	9534890	5300070	6728	0
49428	9535115	5300064	6031	0
49429	9535350	5300059	6024	0
49430	9535604	5300055	6093	0
49431	9535860	5300051	6317	0
49432	9536117	5300047	6320	0
49433	9536378	5300042	6456	0
49434	9536642	5300037	6556	0
49435	9536912	5300033	6626	0
49436	9537175	5300028	6641	0
49437	9537430	5300023	6320	0
49438	9537682	5300020	6220	0
49439	9537929	5300015	6220	0
49440	9538185	5300011	6330	0
49441	9538435	5300007	6193	0
49442	9538685	5300003	6172	0
49443	9538934	5299999	6204	0
49444	9539213	5299993	6228	0
49445	9539478	5299986	6676	0
49446	9539746	5299978	6476	0
49447	9540005	5299970	6913	0
49448	9540260	5299961	7156	0
49449	9540519	5299952	7285	0
49450	9540783	5299942	7378	0
49451	9541059	5299931	7619	0
49452	9541335	5299921	7667	0
49453	9541618	5299911	7967	0
49454	9541910	5299900	8141	0
49455	9542205	5299889	8178	0
49456	9542495	5299878	8008	0
49457	9542785	5299867	7921	0
49458	9543078	5299856	7719	0
49459	9543360	5299845	7459	0
49460	9543630	5299835	7263	0
49461	9543888	5299825	7137	0
49462	9544148	5299815	6978	0
49463	9544400	5299805	6943	0
49464	9544646	5299796	6843	0
49465	9544887	5299786	6669	0
49466	9545120	5299777	6678	0
49467	9545353	5299767	6439	0
49468	9545584	5299758	6424	0
49469	9545814	5299749	6394	0
49470	9546045	5299740	6363	0
49471	9546284	5299731	6754	0
49472	9546529	5299722	6869	0
49473	9546772	5299713	6915	0
49474	9547017	5299704	6924	0
49475	9547263	5299695	6898	0
49476	9547510	5299687	6969	0
49477	9547770	5299676	7174	0
49478	9548032	5299666	7174	0
49479	9548288	5299656	7226	0
49480	9548545	5299647	7259	0
49481	9548801	5299637	7296	0
49482	9549064	5299627	7352	0
49483	9549332	5299616	7357	0
49484	9549603	5299606	7378	0
49485	9549876	5299595	7508	0
49486	9550150	5299585	7561	0
49487	9550417	5299575	7550	0
49488	9550676	5299565	7569	0
49489	9550930	5299555	7207	0
49490	9551182	5299545	7063	0
49491	9551435	5299535	7198	0
49492	9551685	5299525	7239	0
49493	9551942	5299515	7124	0
49494	9552207	5299504	7587	0
49495	9552473	5299494	7411	0
49496	9552738	5299484	7446	0
49497	9552999	5299474	7367	0
49498	9553250	5299463	7230	0
49499	9553496	5299453	7128	0
49500	9553741	5299443	7050	0
49501	9553984	5299433	6872	0
49502	9554223	5299424	6724	0
49503	9554459	5299415	6656	0
49504	9554695	5299406	6757	0
49505	9554930	5299397	6711	0
49506	9555161	5299387	6672	0
49507	9555390	5299378	6607	0
49508	9555623	5299369	6619	0
49509	9555866	5299360	6615	0
49510	9556093	5299352	6231	0
49511	9556320	5299344	6200	0
49512	9556557	5299336	6385	0
49513	9556788	5299328	6400	0
49514	9557020	5299318	6606	0
49515	9557257	5299309	6709	0
49516	9557490	5299299	6696	0
49517	9557723	5299290	6750	0
49518	9557966	5299281	6780	0
49519	9558215	5299272	6970	0
49520	9558460	5299261	6978	0
49521	9558710	5299252	6774	0
49522	9558957	5299243	6782	0
49523	9559195	5299233	6835	0
49524	9559448	5299225	6741	0
49525	9559700	5299216	6802	0
49526	9559941	5299207	6769	0
49527	9560179	5299197	6657	0
49528	9560413	5299188	6652	0
49529	9560648	5299179	6743	0
49530	9560891	5299169	6693	0
49531	9561140	5299159	6887	0
49532	9561387	5299149	6844	0
49533	9561630	5299139	6869	0
49534	9561882	5299129	6917	0
49535	9562130	5299120	6922	0
49536	9562378	5299110	6959	0
49537	9562623	5299100	7046	0
49538	9562872	5299090	7246	0
49539	9563120	5299080	7176	0
49540	9563368	5299070	7059	0
49541	9563612	5299059	7020	0
49542	9563848	5299049	7015	0
49543	9564082	5299038	7026	0
49544	9564313	5299027	7032	0
49545	9564540	5299015	7074	0
49546	9564756	5299003	7020	0
49547	9564963	5298990	6985	0
49548	9565162	5298977	6978	0
49549	9565353	5298964	6972	0
49550	9565547	5298951	6774	0
49551	9565723	5298937	6765	0
49552	9565888	5298923	6909	0
49553	9566049	5298909	6819	0
49554	9566198	5298894	6817	0
49555	9566347	5298879	6935	0
49556	9566492	5298864	6920	0
49557	9566635	5298849	6922	0
49558	9566783	5298834	6932	0
49559	9566927	5298819	6957	0
49560	9567072	5298803	7009	0
49561	9567220	5298789	7009	0
49562	9567369	5298774	7102	0
49563	9567509	5298759	6893	0
49564	9567645	5298745	6985	0
49565	9567781	5298730	6657	0
49566	9567925	5298716	6883	0
49567	9568078	5298701	6874	0
49568	9568243	5298687	6806	0
49569	9568414	5298672	6832	0
49570	9568588	5298658	6844	0
49571	9568771	5298643	6893	0
49572	9568962	5298629	6882	0
49573	9569159	5298615	6907	0
49574	9569357	5298601	6932	0
49575	9569560	5298587	6933	0
49576	9569752	5298575	6322	0
49577	9569932	5298564	5839	0
49578	9570104	5298554	5446	0
49579	9570273	5298545	5337	0
49580	9570447	5298535	5330	0
49581	9570621	5298526	5231	0
49582	9570795	5298518	5117	0
49583	9570969	5298510	5057	0
49584	9571140	5298503	4974	0
49585	9571310	5298496	4872	0
49586	9571480	5298490	4841	0
49587	9571647	5298483	4772	0
49588	9571812	5298477	4633	0
49589	9571980	5298471	4635	0
49590	9572148	5298465	4541	0
49591	9572316	5298461	4541	0
49592	9572483	5298456	4509	0
49593	9572652	5298451	4502	0
49594	9572813	5298446	4335	0
49595	9572973	5298441	4294	0
49596	9573133	5298437	4285	0
49597	9573300	5298433	4367	0
49598	9573477	5298428	4509	0
49599	9573660	5298424	4681	0
49600	9573843	5298420	4613	0
49601	9574021	5298416	4559	0
49602	9574199	5298412	4481	0
49603	9574365	5298407	4196	0
49604	9574525	5298403	4018	0
49605	9574670	5298400	3696	0
49606	9574810	5298398	3479	0
49607	9574944	5298395	3353	0
49608	9575064	5298392	3176	0
49609	9575182	5298389	3059	0
49610	9575290	5298387	2648	0
49611	9575370	5298382	2503	0
49612	9575415	5298379	2187	0
49613	9575448	5298375	1898	0
49614	9575477	5298370	1963	0
49615	9575510	5298365	1959	0
49616	9575566	5298361	1842	0
49617	9575637	5298359	1876	0
49618	9575715	5298359	1924	0
49619	9575797	5298361	1829	0
49620	9575889	5298363	2109	0
49621	9576003	5298368	2853	0
49622	9576130	5298371	3226	0
49623	9576275	5298375	3711	0
49624	9576428	5298379	4004	0
49625	9576591	5298385	4294	0
49626	9576750	5298391	4307	0
49627	9576906	5298397	4517	0
49628	9577064	5298404	4520	0
49629	9577220	5298411	4672	0
49630	9577369	5298419	4628	0
49631	9577518	5298426	4570	0
49632	9577666	5298434	4630	0
49633	9577831	5298441	4698	0
49634	9578000	5298448	4698	0
49635	9578161	5298455	4668	0
49636	9578319	5298462	4607	0
49637	9578470	5298469	4531	0
49638	9578617	5298476	4413	0
49639	9578767	5298483	4617	0
49640	9578928	5298490	4852	0
49641	9579099	5298496	4998	0
49642	9579255	5298503	4830	0
49643	9579412	5298511	4818	0
49644	9579585	5298516	4717	0
49645	9579737	5298522	4320	0
49646	9579879	5298528	3852	0
49647	9579995	5298533	3337	0
49648	9580093	5298538	2653	0
49649	9580169	5298540	2320	0
49650	9580255	5298541	2111	0
49651	9580330	5298539	2253	0
49652	9580397	5298536	2957	0
49653	9580483	5298530	3496	0
49654	9580577	5298523	3918	0
49655	9580673	5298514	3976	0
49656	9580767	5298507	3976	0
49657	9580849	5298498	4109	0
49658	9580920	5298489	4163	0
49659	9580936	5298480	3889	0
49660	9580941	5298468	4485	0
49661	9580945	5298455	4941	0
49662	9580958	5298441	5270	0
49663	9580988	5298427	5346	0
49664	9581027	5298414	5193	0
49665	9581061	5298400	5191	0
49666	9581101	5298386	5180	0
49667	9581141	5298373	5087	0
49668	9581180	5298360	5028	0
49669	9581210	5298345	5155	0
49670	9581253	5298333	5055	0
49671	9581298	5298320	5061	0
49672	9581342	5298307	5063	0
49673	9581387	5298293	5074	0
49674	9581433	5298281	5165	0
49675	9581473	5298267	5163	0
49676	9581503	5298252	5015	0
49677	9581540	5298237	5080	0
49678	9581589	5298224	5009	0
49679	9581641	5298211	5037	0
49680	9581692	5298199	5052	0
49681	9581741	5298186	5037	0
49682	9581790	5298174	5033	0
49683	9581839	5298162	4828	0
49684	9581886	5298151	4644	0
49685	9581933	5298140	4533	0
49686	9581980	5298129	4674	0
49687	9582022	5298116	4685	0
49688	9582071	5298104	4774	0
49689	9582127	5298092	4735	0
49690	9582182	5298081	4587	0
49691	9582236	5298070	4548	0
49692	9582294	5298060	4609	0
49693	9582352	5298049	4450	0
49694	9582403	5298039	4198	0
49695	9582443	5298030	3839	0
49696	9582468	5298021	3765	0
49697	9582490	5298012	3600	0
49698	9582497	5298003	3559	0
49699	9582492	5297992	3466	0
49700	9582512	5297983	3952	0
49701	9582543	5297973	4085	0
49702	9582592	5297965	4022	0
49703	9582632	5297955	4241	0
49704	9582679	5297943	4628	0
49705	9582728	5297931	4978	0
49706	9582782	5297918	5370	0
49707	9582831	5297904	5481	0
49708	9582889	5297891	5339	0
49709	9582938	5297878	5370	0
49710	9582992	5297864	5559	0
49711	9583049	5297851	5620	0
49712	9583100	5297837	5615	0
49713	9583150	5297823	5457	0
49714	9583185	5297810	5370	0
49715	9583210	5297798	5287	0
49716	9583225	5297785	5278	0
49717	9583235	5297772	5233	0
49718	9583245	5297757	5213	0
49719	9583255	5297743	5876	0
49720	9583261	5297728	6102	0
49721	9583257	5297711	6287	0
49722	9583252	5297694	6533	0
49723	9583243	5297677	6904	0
49724	9583241	5297658	7102	0
49725	9583239	5297640	7093	0
49726	9583235	5297621	7098	0
49727	9583232	5297603	7259	0
49728	9583230	5297585	7285	0
49729	9583232	5297566	7435	0
49730	9583239	5297547	7593	0
49731	9583241	5297526	7830	0
49732	9583247	5297506	7991	0
49733	9583259	5297486	8108	0
49734	9583279	5297465	8282	0
49735	9583305	5297444	8441	0
49736	9583335	5297422	8608	0
49737	9583366	5297400	8596	0
49738	9583404	5297379	8669	0
49739	9583435	5297358	8711	0
49740	9583470	5297336	8698	0
49741	9583504	5297314	8737	0
49742	9583540	5297292	8696	0
49743	9583575	5297270	8735	0
49744	9583609	5297249	8730	0
49745	9583645	5297227	8717	0
49746	9583678	5297205	8482	0
49747	9583714	5297184	8476	0
49748	9583745	5297163	8469	0
49749	9583745	5297163	8469	0
49750	9583817	5297119	8828	0
49751	9583858	5297097	9061	0
49752	9583890	5297073	9054	0
49753	9583912	5297051	8971	0
49754	9583915	5297028	8969	0
49755	9583888	5297006	8980	0
49756	9583834	5296983	8998	0
49757	9583750	5296962	8956	0
49758	9583635	5296941	8945	0
49759	9583490	5296920	8932	0
49760	9583325	5296901	8791	0
49761	9583147	5296881	8789	0
49762	9582949	5296862	8795	0
49763	9582750	5296843	8784	0
49764	9582541	5296823	8774	0
49765	9582343	5296804	8952	0
49766	9582137	5296784	9247	0
49767	9581923	5296763	9111	0
49768	9581715	5296744	9191	0
49769	9581502	5296724	9432	0
49770	9581282	5296704	9634	0
49771	9581063	5296683	9782	0
49772	9580850	5296663	9811	0
49773	9580624	5296642	9897	0
49774	9580399	5296622	9976	0
49775	9580182	5296602	9839	0
49776	9579964	5296581	9852	0
49777	9579741	5296560	9806	0
49778	9579520	5296539	9823	0
49779	9579307	5296519	9769	0
49780	9579100	5296499	9315	0
49781	9578895	5296480	9491	0
49782	9578689	5296460	9408	0
49783	9578482	5296440	9341	0
49784	9578275	5296421	9282	0
49785	9578069	5296401	9330	0
49786	9577860	5296381	9315	0
49787	9577657	5296361	9224	0
49788	9577455	5296342	9069	0
49789	9577260	5296323	9015	0
49790	9577065	5296305	8895	0
49791	9576868	5296286	8750	0
49792	9576678	5296267	8556	0
49793	9576487	5296249	8558	0
49794	9576299	5296231	8508	0
49795	9576110	5296213	8476	0
49796	9575927	5296196	8415	0
49797	9575747	5296178	8263	0
49798	9575565	5296161	8161	0
49799	9575385	5296144	8041	0
49800	9575212	5296128	7922	0
49801	9575033	5296111	7909	0
49802	9574853	5296095	7783	0
49803	9574678	5296079	7846	0
49804	9574509	5296063	7732	0
49805	9574340	5296047	7689	0
49806	9574177	5296030	7743	0
49807	9574017	5296014	7643	0
49808	9573853	5295998	7604	0
49809	9573690	5295981	7702	0
49810	9573526	5295965	7648	0
49811	9573361	5295949	7596	0
49812	9573200	5295933	7596	0
49813	9573049	5295916	7706	0
49814	9572908	5295899	7669	0
49815	9572790	5295882	7661	0
49816	9572690	5295864	7670	0
49817	9572610	5295845	7772	0
49818	9572545	5295826	7946	0
49819	9572505	5295805	8304	0
49820	9572494	5295784	8313	0
49821	9572503	5295764	8230	0
49822	9572528	5295744	8058	0
49823	9572550	5295724	8246	0
49824	9572568	5295704	7739	0
49825	9572592	5295686	7478	0
49826	9572614	5295668	7363	0
49827	9572637	5295651	7098	0
49828	9572667	5295634	6835	0
49829	9572688	5295617	6737	0
49830	9572713	5295600	6728	0
49831	9572742	5295583	6759	0
49832	9572768	5295567	6619	0
49833	9572773	5295546	6617	0
49834	9572783	5295526	6628	0
49835	9572799	5295507	6624	0
49836	9572820	5295489	6628	0
49837	9572846	5295469	6656	0
49838	9572868	5295451	7395	0
49839	9572888	5295431	7608	0
49840	9572913	5295411	7526	0
49841	9572938	5295392	7717	0
49842	9572960	5295372	7772	0
49843	9572984	5295352	7826	0
49844	9573009	5295332	7854	0
49845	9573030	5295312	7898	0
49846	9573053	5295291	8317	0
49847	9573075	5295270	8369	0
49848	9573096	5295249	8350	0
49849	9573116	5295226	8461	0
49850	9573136	5295204	8904	0
49851	9573162	5295182	8950	0
49852	9573187	5295159	8950	0
49853	9573208	5295136	9037	0
49854	9573230	5295114	9108	0
49855	9573256	5295091	8989	0
49856	9573283	5295068	9069	0
49857	9573310	5295046	9065	0
49858	9573335	5295023	9071	0
49859	9573361	5295001	9058	0
49860	9573385	5294978	8993	0
49861	9573412	5294956	9052	0
49862	9573433	5294934	9026	0
49863	9573452	5294911	9013	0
49864	9573475	5294889	8834	0
49865	9573499	5294867	8824	0
49866	9573519	5294845	8858	0
49867	9573539	5294823	8815	0
49868	9573558	5294800	8797	0
49869	9573579	5294778	8887	0
49870	9573604	5294756	8850	0
49871	9573630	5294734	8850	0
49872	9573658	5294712	8848	0
49873	9573684	5294690	8859	0
49874	9573707	5294667	8871	0
49875	9573729	5294644	8950	0
49876	9573751	5294622	9021	0
49877	9573775	5294599	9019	0
49878	9573800	5294577	9032	0
49879	9573829	5294554	9065	0
49880	9573853	5294530	9272	0
49881	9573880	5294507	9463	0
49882	9573902	5294482	9385	0
49883	9573923	5294457	9797	0
49884	9573950	5294433	9930	0
49885	9573975	5294407	10019	0
49886	9574000	5294383	10041	0
49887	9574025	5294358	10111	0
49888	9574045	5294333	10180	0
49889	9574060	5294308	10165	0
49890	9574077	5294283	10171	0
49891	9574097	5294259	9908	0
49892	9574120	5294234	9830	0
49893	9574145	5294209	9671	0
49894	9574168	5294185	9663	0
49895	9574195	5294161	9565	0
49896	9574220	5294137	9517	0
49897	9574244	5294113	9767	0
49898	9574265	5294088	9611	0
49899	9574288	5294065	9624	0
49900	9574308	5294041	9626	0
49901	9574333	5294017	9452	0
49902	9574360	5293994	9447	0
49903	9574385	5293970	9306	0
49904	9574409	5293947	9345	0
49905	9574427	5293924	9204	0
49906	9574447	5293901	9132	0
49907	9574470	5293878	8995	0
49908	9574492	5293857	8798	0
49909	9574516	5293835	8565	0
49910	9574538	5293813	8402	0
49911	9574558	5293793	8274	0
49912	9574576	5293772	8209	0
49913	9574595	5293752	8432	0
49914	9574615	5293731	8484	0
49915	9574630	5293709	8374	0
49916	9574650	5293688	8411	0
49917	9574668	5293667	8450	0
49918	9574690	5293647	8454	0
49919	9574710	5293626	8380	0
49920	9574734	5293605	8376	0
49921	9574761	5293583	8654	0
49922	9574787	5293563	8398	0
49923	9574814	5293542	8472	0
49924	9574845	5293520	8539	0
49925	9574885	5293499	8526	0
49926	9574930	5293479	8513	0
49927	9574984	5293459	8198	0
49928	9575042	5293439	7917	0
49929	9575110	5293419	7904	0
49930	9575180	5293401	7769	0
49931	9575252	5293382	7659	0
49932	9575330	5293364	7532	0
49933	9575408	5293346	7296	0
49934	9575490	5293329	7282	0
49935	9575579	5293311	7083	0
49936	9575673	5293295	7093	0
49937	9575771	5293278	7019	0
49938	9575873	5293261	6982	0
49939	9575982	5293245	6982	0
49940	9576094	5293229	7185	0
49941	9576203	5293211	7113	0
49942	9576320	5293195	7104	0
49943	9576438	5293179	7109	0
49944	9576553	5293164	6683	0
49945	9576676	5293149	6848	0
49946	9576801	5293133	6948	0
49947	9576930	5293116	7161	0
49948	9577051	5293099	7278	0
49949	9577173	5293083	7330	0
49950	9577300	5293066	7378	0
49951	9577430	5293050	7435	0
49952	9577557	5293033	7480	0
49953	9577683	5293015	7506	0
49954	9577805	5292998	7689	0
49955	9577924	5292982	7409	0
49956	9578038	5292965	7170	0
49957	9578147	5292949	6948	0
49958	9578238	5292933	6894	0
49959	9578303	5292916	6707	0
49960	9578350	5292899	6661	0
49961	9578383	5292881	6615	0
49962	9578410	5292863	6924	0
49963	9578425	5292845	6752	0
49964	9578440	5292825	7211	0
49965	9578445	5292808	7048	0
49966	9578446	5292791	6787	0
49967	9578439	5292775	6882	0
49968	9578410	5292758	6765	0
49969	9578380	5292740	6635	0
49970	9578341	5292723	6756	0
49971	9578313	5292707	6606	0
49972	9578272	5292690	6613	0
49973	9578220	5292672	6917	0
49974	9578112	5292647	7320	0
49975	9578035	5292627	7511	0
49976	9577953	5292607	7595	0
49977	9577867	5292587	7837	0
49978	9577782	5292568	7913	0
49979	9577692	5292548	7974	0
49980	9577600	5292527	8054	0
49981	9577490	5292503	8528	0
49982	9577367	5292478	8658	0
49983	9577278	5292456	8789	0
49984	9577190	5292433	9109	0
49985	9577097	5292409	9322	0
49986	9577002	5292386	9469	0
49987	9576905	5292362	9537	0
49988	9576810	5292339	9502	0
49989	9576720	5292315	9535	0
49990	9576629	5292291	9595	0
49991	9576535	5292268	9584	0
49992	9576437	5292244	9572	0
49993	9576337	5292220	9561	0
49994	9576215	5292195	9574	0
49995	9576108	5292170	9561	0
49996	9576016	5292146	9354	0
49997	9575927	5292122	9350	0
49998	9575835	5292099	9319	0
49999	9575742	5292075	9285	0
50000	9575650	5292052	9185	0
50001	9575560	5292029	9171	0
50002	9575463	5292006	9204	0
50003	9575377	5291984	9159	0
50004	9575287	5291961	9209	0
50005	9575198	5291938	9297	0
50006	9575113	5291916	9128	0
50007	9575028	5291893	8998	0
50008	9574950	5291871	9011	0
50009	9574870	5291849	8852	0
50010	9574785	5291827	8867	0
50011	9574703	5291806	8502	0
50012	9574625	5291786	8291	0
50013	9574549	5291766	8124	0
50014	9574471	5291746	7917	0
50015	9574398	5291727	7670	0
50016	9574328	5291709	7454	0
50017	9574260	5291691	7220	0
50018	9574193	5291673	7222	0
50019	9574125	5291656	7165	0
50020	9574060	5291638	7259	0
50021	9573998	5291621	7207	0
50022	9573936	5291603	7200	0
50023	9573872	5291586	7107	0
50024	9573815	5291569	7033	0
50025	9573764	5291551	6985	0
50026	9573722	5291534	6983	0
50027	9573685	5291517	7078	0
50028	9573658	5291499	7239	0
50029	9573640	5291481	7315	0
50030	9573622	5291461	7413	0
50031	9573627	5291442	7424	0
50032	9573644	5291422	7489	0
50033	9573667	5291404	7520	0
50034	9573702	5291385	7546	0
50035	9573745	5291365	7578	0
50036	9573798	5291346	7602	0
50037	9573856	5291326	7643	0
50038	9573918	5291307	7680	0
50039	9573978	5291287	8104	0
50040	9574040	5291267	8095	0
50041	9574103	5291247	8102	0
50042	9574160	5291228	8165	0
50043	9574213	5291209	8198	0
50044	9574264	5291190	7715	0
50045	9574313	5291171	7532	0
50046	9574371	5291153	7524	0
50047	9574437	5291134	7365	0
50048	9574502	5291116	7302	0
50049	9574563	5291099	7265	0
50050	9574625	5291081	7145	0
50051	9574688	5291064	7070	0
50052	0	0	0	0
50053	9574808	5291029	7137	0
50054	9574870	5291010	7359	0
50055	9574935	5290992	7361	0
50056	9574991	5290974	7370	0
50057	9575051	5290956	7420	0
50058	9575115	5290937	7465	0
50059	9575178	5290918	7504	0
50060	9575233	5290901	7496	0
50061	9575290	5290882	7389	0
50062	9575336	5290864	7452	0
50063	9575370	5290845	7432	0
50064	9575387	5290826	7378	0
50065	9575395	5290808	7378	0
50066	9575394	5290790	7391	0
50067	9575383	5290771	7441	0
50068	9575375	5290752	7495	0
50069	9575365	5290733	7456	0
50070	9575350	5290715	7445	0
50071	9575343	5290696	7430	0
50072	9575336	5290677	7430	0
50073	9575328	5290658	7476	0
50074	9575320	5290640	7424	0
50075	9575307	5290621	7372	0
50076	9575295	5290602	7417	0
50077	9575269	5290581	7674	0
50078	9575255	5290561	7720	0
50079	9575242	5290541	7800	0
50080	9575227	5290521	8041	0
50081	9575212	5290501	8224	0
50082	9575191	5290479	8432	0
50083	9575175	5290457	8669	0
50084	9575156	5290435	8882	0
50085	9575138	5290412	9006	0
50086	9575117	5290389	9226	0
50087	9575093	5290366	9234	0
50088	9575073	5290342	9339	0
50089	9575057	5290319	9295	0
50090	9575047	5290296	9332	0
50091	9575035	5290272	9380	0
50092	9575022	5290248	9617	0
50093	9575006	5290224	9565	0
50094	9574991	5290199	9661	0
50095	9574975	5290175	9550	0
50096	9574962	5290151	9641	0
50097	9574948	5290128	9345	0
50098	9574935	5290105	9450	0
50099	9574922	5290082	9158	0
50100	9574908	5290059	9202	0
50101	9574895	5290036	9237	0
50102	9574880	5290013	9243	0
50103	9574863	5289990	9274	0
50104	9574846	5289967	9234	0
50105	9574830	5289944	9263	0
50106	9574817	5289921	9239	0
50107	9574801	5289897	9258	0
50108	9574785	5289874	9393	0
50109	9574772	5289850	9330	0
50110	9574755	5289827	9360	0
50111	9574740	5289803	9447	0
50112	9574725	5289780	9435	0
50113	9574703	5289756	9456	0
50114	9574683	5289732	9367	0
50115	9574663	5289708	9300	0
50116	9574648	5289685	9341	0
50117	9574632	5289663	9011	0
50118	9574612	5289641	9111	0
50119	9574594	5289618	8921	0
50120	9574580	5289596	8924	0
50121	9574567	5289574	9000	0
50122	9574552	5289551	9004	0
50123	9574535	5289528	8978	0
50124	9574520	5289506	8997	0
50125	9574505	5289484	8950	0
50126	9574485	5289462	8906	0
50127	9574467	5289440	8922	0
50128	9574451	5289417	8771	0
50129	9574431	5289395	8741	0
50130	9574415	5289374	8711	0
50131	9574397	5289351	8758	0
50132	9574380	5289330	8845	0
50133	9574365	5289307	8926	0
50134	9574350	5289285	8978	0
50135	9574333	5289263	8972	0
50136	9574315	5289240	9004	0
50137	9574302	5289219	8674	0
50138	9574286	5289197	8665	0
50139	9574270	5289176	8684	0
50140	9574253	5289156	7958	0
50141	9574244	5289136	7830	0
50142	9574237	5289117	7613	0
50143	9574228	5289098	7604	0
50144	9574215	5289079	7446	0
50145	9574205	5289061	7302	0
50146	9574206	5289043	7206	0
50147	9574219	5289025	7148	0
50148	9574237	5289007	7126	0
50149	9574265	5288989	7082	0
50150	9574298	5288971	7374	0
50151	9574331	5288953	7219	0
50152	9574365	5288936	7243	0
50153	9574402	5288918	7024	0
50154	9574442	5288901	7137	0
50155	9574478	5288883	7033	0
50156	9574509	5288864	7017	0
50157	9574542	5288846	7241	0
50158	9574575	5288828	7076	0
50159	9574607	5288811	7072	0
50160	9574636	5288793	7043	0
50161	9574667	5288776	6996	0
50162	9574698	5288759	7009	0
50163	9574734	5288741	6791	0
50164	9574765	5288724	6557	0
50165	9574799	5288708	6643	0
50166	9574828	5288691	6594	0
50167	9574862	5288674	6548	0
50168	9574897	5288658	6689	0
50169	9574928	5288641	6543	0
50170	9574953	5288625	6619	0
50171	9574980	5288608	6698	0
50172	9575008	5288592	6598	0
50173	9575022	5288571	6641	0
50174	9575053	5288555	6617	0
50175	9575084	5288537	6615	0
50176	9575111	5288521	6487	0
50177	9575138	5288505	6522	0
50178	9575169	5288490	6031	0
50179	9575191	5288475	5798	0
50180	9575220	5288460	5741	0
50181	9575255	5288446	5789	0
50182	9575298	5288431	5818	0
50183	9575343	5288415	5928	0
50184	9575397	5288398	5887	0
50185	9575460	5288384	5911	0
50186	9575535	5288369	5954	0
50187	9575620	5288354	6324	0
50188	9575715	5288340	6480	0
50189	9575804	5288324	6663	0
50190	9575895	5288308	6761	0
50191	9575994	5288292	6776	0
50192	9576092	5288276	6832	0
50193	9576188	5288260	6917	0
50194	9576286	5288243	6926	0
50195	9576385	5288226	6956	0
50196	9576487	5288210	6978	0
50197	9576585	5288193	7117	0
50198	9576675	5288177	7132	0
50199	9576767	5288160	7135	0
50200	9576855	5288143	7174	0
50201	9576950	5288126	7374	0
50202	9577051	5288108	7322	0
50203	9577157	5288090	7650	0
50204	9577265	5288072	7861	0
50205	9577372	5288053	8133	0
50206	9577477	5288033	8341	0
50207	9577590	5288014	8435	0
50208	9577708	5287993	8652	0
50209	9577831	5287972	8835	0
50210	9577956	5287951	8904	0
50211	9578080	5287930	8947	0
50212	9578200	5287909	9006	0
50213	9578315	5287888	9045	0
50214	9578428	5287868	8711	0
50215	9578544	5287848	8871	0
50216	9578656	5287827	8824	0
50217	9578772	5287807	8776	0
50218	9578887	5287787	8728	0
50219	9579007	5287768	8696	0
50220	9579130	5287748	8698	0
50221	9579258	5287728	8504	0
50222	9579400	5287709	8454	0
50223	9579555	5287689	8732	0
50224	9579712	5287668	9022	0
50225	9579877	5287648	9108	0
50226	9580043	5287627	9135	0
50227	9580207	5287607	8982	0
50228	9580367	5287587	8834	0
50229	9580530	5287567	8763	0
50230	9580691	5287547	8685	0
50231	9580850	5287528	8572	0
50232	9581005	5287509	8443	0
50233	9581160	5287490	8322	0
50234	9581310	5287471	8321	0
50235	9581458	5287453	8219	0
50236	9581602	5287436	7817	0
50237	9581743	5287419	7939	0
50238	9581885	5287402	7522	0
50239	9582022	5287386	7374	0
50240	9582157	5287369	7365	0
50241	9582287	5287353	7282	0
50242	9582412	5287337	7178	0
50243	9582541	5287321	7207	0
50244	9582673	5287305	7159	0
50245	9582802	5287289	7059	0
50246	9582922	5287274	7065	0
50247	9583040	5287258	6937	0
50248	9583160	5287243	6730	0
50249	9583273	5287228	6728	0
50250	9583384	5287213	6543	0
50251	9583500	5287199	6452	0
50252	9583611	5287185	6380	0
50253	9583716	5287171	6211	0
50254	9583817	5287156	6237	0
50255	9583919	5287141	6409	0
50256	9584015	5287126	6457	0
50257	9584102	5287112	6493	0
50258	9584180	5287098	6485	0
50259	9584253	5287083	6533	0
50260	9584325	5287068	6543	0
50261	9584389	5287052	6181	0
50262	9584449	5287037	6057	0
50263	9584508	5287022	6107	0
50264	9584565	5287007	6022	0
50265	9584625	5286992	5837	0
50266	9584685	5286978	5681	0
50267	9584737	5286965	5613	0
50268	9584788	5286950	5548	0
50269	9584840	5286937	5489	0
50270	9584884	5286923	5502	0
50271	9584930	5286908	5385	0
50272	9584987	5286896	5289	0
50273	9585040	5286883	5250	0
50274	9585093	5286870	5209	0
50275	9585147	5286857	5163	0
50276	9585196	5286844	5276	0
50277	9585250	5286831	5191	0
50278	9585301	5286819	5183	0
50279	9585352	5286807	4955	0
50280	9585403	5286795	4924	0
50281	9585459	5286783	4981	0
50282	9585517	5286771	5059	0
50283	9585573	5286759	5050	0
50284	9585630	5286747	5144	0
50285	9585690	5286734	5257	0
50286	9585745	5286721	5357	0
50287	9585796	5286708	5455	0
50288	9585848	5286695	5450	0
50289	9585905	5286682	5254	0
50290	9585963	5286670	5122	0
50291	9586019	5286657	5268	0
50292	9586075	5286644	5209	0
50293	9586132	5286631	5217	0
50294	9586190	5286619	5083	0
50295	9586244	5286607	5004	0
50296	9586298	5286595	4905	0
50297	9586353	5286583	4828	0
50298	9586402	5286571	4894	0
50299	9586453	5286558	4892	0
50300	9586507	5286546	4896	0
50301	9586547	5286533	4844	0
50302	9586595	5286522	4692	0
50303	9586645	5286510	4635	0
50304	9586677	5286498	4468	0
50305	9586721	5286488	4272	0
50306	9586765	5286477	4081	0
50307	9586813	5286468	3991	0
50308	9586850	5286458	4004	0
50309	9586884	5286447	3942	0
50310	9586928	5286438	3983	0
50311	9586967	5286429	3931	0
50312	9587004	5286419	3929	0
50313	9587031	5286408	4126	0
50314	9587073	5286399	3944	0
50315	9587115	5286390	3700	0
50316	9587150	5286382	3291	0
50317	9587189	5286375	2937	0
50318	9587212	5286368	2672	0
50319	9587234	5286362	2661	0
50320	9587254	5286356	2531	0
50321	9587268	5286351	2368	0
50322	9587287	5286348	2005	0
50323	9587292	5286344	1801	0
50324	9587285	5286341	1626	0
50325	9587281	5286339	1274	0
50326	9587270	5286337	1126	0
50327	9587256	5286335	900	0
50328	9587240	5286333	513	0
50329	9587227	5286332	18	0
50330	9587216	5286332	11	0
50331	9587207	5286332	5	0
50332	9587196	5286333	3	0
50333	9587195	5286333	1	0
50334	9587195	5286333	0	0
50335	9587195	5286333	0	0
50336	9587195	5286333	0	0
50337	9587195	5286333	0	0
50338	9587195	5286333	0	0
50339	9587195	5286333	0	0
50340	9587192	5286332	0	0
50341	9587192	5286332	0	0
50342	9587192	5286332	0	0
50343	9587192	5286332	0	0
50344	0	0	0	0
50345	9587192	5286332	0	0
50346	9587192	5286332	0	0
50347	9587192	5286332	0	0
50348	9587192	5286332	0	0
50349	9587192	5286332	0	0
50350	9587192	5286332	0	0
50351	9587193	5286332	640	0
50352	9587190	5286331	914	0
50353	9587190	5286331	1096	0
50354	9587180	5286328	1222	0
50355	9587156	5286326	1479	0
50356	9587136	5286322	1737	0
50357	9587120	5286317	2007	0
50358	9587098	5286311	2307	0
50359	9587080	5286305	2572	0
50360	9587050	5286299	2648	0
50361	9587022	5286292	2722	0
50362	9586993	5286284	2950	0
50363	9586960	5286276	3181	0
50364	9586920	5286266	3783	0
50365	9586872	5286253	4391	0
50366	9586828	5286239	4315	0
50367	9586777	5286226	4446	0
50368	0	0	0	0
50369	9586679	5286203	4367	0
50370	9586635	5286192	4292	0
50371	9586595	5286183	4024	0
50372	9586561	5286174	3785	0
50373	9586527	5286167	3383	0
50374	9586495	5286160	3000	0
50375	9586460	5286153	2855	0
50376	9586450	5286147	2418	0
50377	9586473	5286142	2050	0
50378	9586550	5286141	2190	0
50379	9586648	5286140	2470	0
50380	9586648	5286140	2470	0
50381	9586898	5286137	3200	0
50382	9587035	5286134	3346	0
50383	9587176	5286132	3476	0
50384	9587325	5286130	3607	0
50385	9587472	5286128	3596	0
50386	9587617	5286125	3553	0
50387	9587757	5286123	3429	0
50388	9587893	5286121	3376	0
50389	9588028	5286118	3368	0
50390	9588165	5286116	3366	0
50391	9588302	5286114	3379	0
50392	9588438	5286112	3379	0
50393	9588576	5286110	3492	0
50394	9588718	5286107	3494	0
50395	9588863	5286104	3550	0
50396	9589004	5286102	3411	0
50397	9589138	5286099	3316	0
50398	9589262	5286096	3031	0
50399	9589378	5286093	2974	0
50400	9589510	5286090	3170	0
50401	9589646	5286088	3352	0
50402	9589787	5286086	3420	0
50403	9589923	5286083	3424	0
50404	9590063	5286080	3518	0
50405	9590207	5286078	3529	0
50406	9590355	5286075	3685	0
50407	9590504	5286072	3605	0
50408	9590643	5286068	3370	0
50409	9590778	5286065	3268	0
50410	9590915	5286061	3333	0
50411	9591050	5286057	3435	0
50412	9591188	5286054	3531	0
50413	9591330	5286051	3531	0
50414	9591476	5286049	3581	0
50415	9591630	5286047	3620	0
50416	9591788	5286046	3635	0
50417	9591942	5286045	3513	0
50418	9592087	5286044	3342	0
50419	9592230	5286044	3355	0
50420	9592372	5286044	3353	0
50421	9592518	5286044	3563	0
50422	9592669	5286044	3622	0
50423	9592823	5286044	3616	0
50424	9592983	5286044	3796	0
50425	9593146	5286044	3894	0
50426	9593308	5286044	3898	0
50427	9593473	5286044	3968	0
50428	9593645	5286043	4033	0
50429	9593810	5286043	3913	0
50430	9593980	5286043	3920	0
50431	9594155	5286043	3907	0
50432	9594318	5286043	3807	0
50433	9594470	5286043	3411	0
50434	9594600	5286043	3005	0
50435	9594711	5286042	2589	0
50436	9594810	5286041	1911	0
50437	9594883	5286040	1283	0
50438	9594930	5286039	716	0
50439	9594949	5286039	33	0
50440	9594963	5286038	16	0
50441	9594968	5286038	11	0
50442	9594970	5286037	7	0
50443	9594974	5286037	5	0
50444	9594975	5286037	3	0
50445	9594976	5286037	3	0
50446	9594976	5286037	1	0
50447	9594978	5286037	1	0
50448	9594978	5286037	5	0
50449	9594980	5286037	7	0
50450	9594983	5286037	3	0
50451	9594985	5286037	5	0
50452	9594985	5286037	3	0
50453	9594983	5286037	5	0
50454	9594981	5286037	3	0
50455	9594983	5286037	172	0
50456	9594990	5286037	448	0
50457	9595023	5286036	588	0
50458	9595067	5286037	1233	0
50459	9595127	5286037	1694	0
50460	9595181	5286041	1968	0
50461	9595228	5286046	1979	0
50462	0	0	0	0
50463	9595290	5286058	2639	0
50464	9595310	5286067	3133	0
50465	9595348	5286075	3409	0
50466	9595398	5286083	3596	0
50467	9595458	5286092	3566	0
50468	9595518	5286100	3494	0
50469	9595587	5286107	3413	0
50470	9595655	5286115	3202	0
50471	9595725	5286121	3061	0
50472	9595780	5286129	2702	0
50473	9595827	5286134	2177	0
50474	9595859	5286138	1590	0
50475	9595890	5286140	1122	0
50476	9595912	5286141	622	0
50477	9595922	5286142	496	0
50478	9595923	5286142	25	0
50479	9595923	5286143	11	0
50480	9595923	5286143	3	0
50481	9595930	5286144	9	0
50482	9595933	5286144	5	0
50483	9595935	5286144	37	0
50484	9595945	5286146	825	0
50485	9595965	5286149	1201	0
50486	9595993	5286153	1433	0
50487	9596032	5286158	1892	0
50488	9596082	5286163	2159	0
50489	9596150	5286168	2559	0
50490	9596229	5286174	2955	0
50491	9596313	5286181	3231	0
50492	9596412	5286186	3266	0
50493	9596523	5286191	3350	0
50494	9596648	5286195	3396	0
50495	9596777	5286199	3441	0
50496	9596900	5286204	3476	0
50497	9597018	5286208	3528	0
50498	9597138	5286214	3589	0
50499	9597260	5286220	3866	0
50500	9597390	5286226	3952	0
50501	9597564	5286226	4028	0
50502	9597715	5286230	3957	0
50503	9597863	5286234	4113	0
50504	9598017	5286239	4283	0
50505	9598171	5286245	4561	0
50506	9598343	5286251	4744	0
50507	9598510	5286258	4913	0
50508	9598681	5286264	4818	0
50509	9598851	5286270	4848	0
50510	9599025	5286276	4783	0
50511	9599195	5286282	4870	0
50512	9599367	5286289	4861	0
50513	9599539	5286295	4802	0
50514	9599705	5286301	4583	0
50515	9599860	5286307	4396	0
50516	9600003	5286314	4172	0
50517	9600143	5286319	4035	0
50518	9600268	5286325	3589	0
50519	9600373	5286329	2861	0
50520	9600469	5286331	2303	0
50521	9600536	5286330	1094	0
50522	9600563	5286329	583	0
50523	9600580	5286330	401	0
50524	9600598	5286331	650	0
50525	9600628	5286333	1201	0
50526	9600660	5286336	1494	0
50527	9600668	5286340	1607	0
50528	9600645	5286344	1907	0
50529	9600607	5286349	2014	0
50530	9600562	5286353	1939	0
50531	9600525	5286358	1792	0
50532	9600495	5286363	1755	0
50533	9600473	5286367	1798	0
50534	9600455	5286372	1920	0
50535	9600440	5286377	1983	0
50536	9600429	5286382	2079	0
50537	9600420	5286389	2289	0
50538	9600422	5286395	2418	0
50539	9600425	5286401	2477	0
50540	9600431	5286408	2565	0
50541	9600443	5286414	2503	0
50542	9600450	5286421	2516	0
50543	9600456	5286427	2431	0
50544	9600455	5286433	2339	0
50545	9600440	5286440	2439	0
50546	9600427	5286446	2587	0
50547	9600407	5286453	2577	0
50548	9600387	5286459	2518	0
50549	9600375	5286466	2420	0
50550	9600362	5286472	2322	0
50551	9600353	5286478	2272	0
50552	9600350	5286484	2087	0
50553	9600348	5286491	1964	0
50554	9600337	5286497	1857	0
50555	9600320	5286503	1683	0
50556	9600315	5286508	1392	0
50557	9600308	5286513	1379	0
50558	9600313	5286512	1227	0
50559	9600315	5286513	961	0
50560	9600317	5286513	533	0
50561	9600317	5286514	312	0
50562	9600318	5286514	12	0
50563	9600317	5286514	5	0
50564	9600317	5286514	11	0
50565	9600318	5286514	25	0
50566	9600320	5286515	35	0
50567	9600328	5286516	51	0
50568	9600355	5286516	55	0
50569	9600384	5286516	775	0
50570	9600422	5286516	987	0
50571	9600465	5286517	1088	0
50572	9600509	5286517	1044	0
50573	9600550	5286517	1050	0
50574	9600589	5286517	859	0
50575	9600623	5286517	757	0
50576	9600648	5286517	574	0
50577	9600663	5286516	500	0
50578	9600661	5286514	387	0
50579	9600655	5286514	394	0
50580	9600645	5286515	298	0
50581	9600636	5286515	122	0
50582	9600634	5286515	33	0
