#Zeit [s]	longitude [1e6]	Latitude [1e5]	GPSSpeed [1e2 km/h] 	Tacho [1e2 km/h] 	Temperatur [10 C] 	Druck [Pa] 	HoeheSee [10 m]
46845	9558996	5322400	50	0
206	35290	416
46846	9559002	5322400	57	0
205	35280	424
46847	9559003	5322400	50	0
206	35294	412
46848	9559005	5322400	38	0
205	35282	422
46849	9559005	5322400	33	0
205	35285	420
46850	9559007	5322400	29	0
205	35282	422
46851	9559007	5322400	27	0
205	35285	420
46852	9559007	5322400	46	0
205	35298	409
46853	9559005	5322400	55	0
205	35300	407
46854	9559003	5322400	48	0
205	35304	404
46855	9559003	5322400	29	0
205	35286	419
46856	9559003	5322400	18	0
205	35297	410
46857	9559002	5322400	33	0
205	35294	412
46858	9559003	5322400	40	0
205	35290	416
46859	9559003	5322400	35	0
205	35291	415
46860	9559003	5322400	103	0
205	35293	413
46861	9559002	5322400	150	0
205	35291	415
46862	9559005	5322402	161	0
205	35285	420
46863	9559007	5322407	218	0
205	35290	416
46864	9559009	5322408	229	0
205	35288	417
46865	9559010	5322410	287	0
205	35283	422
46866	9559018	5322412	351	0
205	35279	425
46867	9559025	5322413	325	0
205	35288	417
46868	9559030	5322414	325	0
205	35287	418
46869	9559067	5322414	374	0
205	35280	424
46870	9559072	5322415	368	0
205	35292	414
46871	9559075	5322416	396	0
205	35281	423
46872	9559073	5322417	400	0
205	35293	413
46873	9559082	5322418	431	0
205	35282	422
46874	9559083	5322419	409	0
205	35284	421
46875	9559083	5322420	416	0
205	35284	421
46876	9559085	5322421	409	0
205	35285	420
46877	9559093	5322421	370	0
205	35288	417
46878	9559103	5322423	427	0
205	35290	416
46879	9559110	5322423	355	0
204	35274	429
46880	9559115	5322423	231	0
204	35272	431
46881	9559109	5322423	124	0
204	35275	428
46882	9559083	5322423	405	0
204	35275	428
46883	9559040	5322424	809	0
204	35276	427
46884	9558989	5322424	1540	0
204	35276	427
46885	9558913	5322424	1848	0
204	35272	431
46886	9558828	5322424	2207	0
204	35276	427
46887	9558735	5322425	2177	0
204	35277	427
46888	9558640	5322426	2294	0
204	35276	427
46889	9558540	5322426	2492	0
204	35275	428
46890	9558429	5322426	2798	0
204	35273	430
46891	9558303	5322426	3085	0
204	35276	427
46892	9558167	5322427	3381	0
204	35266	436
46893	9558022	5322427	3559	0
204	35272	431
46894	9557872	5322427	3557	0
204	35274	429
46895	9557723	5322426	3526	0
204	35275	428
46896	9557578	5322426	3457	0
204	35280	424
46897	9557432	5322426	3498	0
204	35276	427
46898	9557283	5322426	3557	0
204	35273	430
46899	9557134	5322425	3563	0
204	35270	433
46900	9556983	5322425	3557	0
204	35260	441
46901	9556827	5322425	3698	0
204	35267	435
46902	9556670	5322424	3750	0
204	35263	438
46903	9556512	5322424	3861	0
204	35266	436
46904	9556349	5322424	3966	0
204	35265	437
46905	9556183	5322424	3963	0
204	35259	442
46906	9556020	5322424	3889	0
204	35256	444
46907	9555861	5322424	3844	0
203	35261	440
46908	9555703	5322424	3746	0
204	35268	434
46909	9555552	5322424	3642	0
203	35266	436
46910	9555404	5322424	3452	0
203	35265	437
46911	9555264	5322424	3289	0
203	35267	435
46912	9555130	5322423	3105	0
203	35273	430
46913	9555007	5322423	2916	0
203	35275	428
46914	9554896	5322423	2481	0
203	35279	425
46915	9554815	5322423	1816	0
203	35261	440
46916	9554753	5322423	1363	0
203	35275	428
46917	9554711	5322423	1059	0
203	35266	436
46918	9554668	5322423	1205	0
203	35263	438
46919	9554622	5322421	1279	0
203	35267	435
46920	9554572	5322417	1966	0
203	35260	441
46921	9554537	5322411	2283	0
203	35260	441
46922	9554515	5322405	2448	0
203	35255	445
46923	9554493	5322398	2842	0
203	35255	445
46924	9554470	5322390	3248	0
203	35251	448
46925	9554443	5322381	3679	0
203	35254	446
46926	9554410	5322371	3728	0
203	35247	452
46927	9554372	5322362	3846	0
203	35245	453
46928	9554317	5322352	4005	0
203	35243	455
46929	9554242	5322342	4200	0
203	35252	448
46930	9554152	5322333	4515	0
203	35254	446
46931	9554050	5322323	4861	0
203	35249	450
46932	9553948	5322311	5081	0
203	35256	444
46933	9553832	5322300	5074	0
203	35254	446
46934	9553714	5322290	4811	0
203	35251	448
46935	9553578	5322280	4922	0
203	35254	446
46936	9553423	5322271	5013	0
203	35243	455
46937	9553262	5322262	5296	0
203	35247	452
46938	9553102	5322252	5300	0
203	35240	458
46939	9552945	5322242	5268	0
203	35250	449
46940	9552792	5322232	5181	0
203	35252	448
46941	9552655	5322222	5128	0
203	35251	448
46942	9552531	5322211	5178	0
203	35254	446
46943	9552422	5322199	5267	0
203	35237	460
46944	9552335	5322187	5268	0
203	35231	465
46945	9552274	5322174	5368	0
203	35245	453
46946	9552228	5322161	5487	0
203	35236	461
46947	9552185	5322147	5672	0
203	35231	465
46948	9552140	5322132	6093	0
203	35222	473
46949	9552094	5322116	6404	0
203	35221	473
46950	9552042	5322100	6620	0
203	35238	459
46951	9551985	5322083	6774	0
203	35222	473
46952	9551929	5322065	7007	0
203	35228	468
46953	9551875	5322048	7226	0
203	35213	480
46954	9551820	5322029	7639	0
203	35222	473
46955	9551759	5322011	7854	0
203	35204	488
46956	9551695	5321991	7887	0
203	35194	496
46957	9551632	5321972	8008	0
202	35213	480
46958	9551561	5321952	7948	0
202	35195	495
46959	9551495	5321932	7937	0
202	35207	485
46960	9551430	5321913	7889	0
202	35209	484
46961	9551370	5321893	7939	0
202	35204	488
46962	9551307	5321872	7935	0
202	35215	478
46963	9551245	5321852	8045	0
202	35226	469
46964	9551180	5321832	7991	0
202	35222	473
46965	9551118	5321813	8006	0
202	35229	467
46966	9551057	5321792	8121	0
202	35231	465
46967	9550993	5321772	8076	0
202	35222	473
46968	9550930	5321752	8037	0
202	35229	467
46969	9550800	5321713	7985	0
202	35232	464
46970	9550800	5321713	7985	0
202	35238	459
46971	9550663	5321674	8009	0
202	35233	463
46972	9550587	5321655	8022	0
202	35236	461
46973	9550518	5321635	7985	0
202	35226	469
46974	9550458	5321616	7635	0
202	35230	466
46975	9550458	5321616	7635	0
202	35236	461
46976	9550345	5321578	7737	0
202	35224	471
46977	9550280	5321559	7813	0
202	35226	469
46978	9550212	5321539	7961	0
202	35245	453
46979	9550148	5321520	7854	0
202	35224	471
46980	9550148	5321520	7854	0
202	35223	472
46981	0	0	0	0
202	35228	468
46982	9549989	5321462	7917	0
202	35228	468
46983	9549936	5321443	7715	0
202	35227	468
46984	9549882	5321424	7869	0
202	35238	459
46985	9549882	5321424	7869	0
202	35236	461
46986	9549760	5321386	7778	0
202	35234	463
46987	9549710	5321368	7430	0
202	35247	452
46988	9549664	5321349	7498	0
202	35227	468
46989	9549612	5321331	7511	0
202	35229	467
46990	9549612	5321331	7511	0
202	35244	454
46991	9549488	5321293	7778	0
202	35227	468
46992	9549427	5321274	7695	0
202	35232	464
46993	9549365	5321256	7608	0
202	35239	458
46994	9549300	5321238	7345	0
202	35230	466
46995	9549300	5321238	7345	0
202	35244	454
46996	9549175	5321203	7024	0
202	35245	453
46997	9549117	5321187	6989	0
202	35242	456
46998	9549064	5321170	6644	0
202	35251	448
46999	9549006	5321155	6239	0
202	35250	449
47000	9549006	5321155	6239	0
202	35249	450
47001	9548960	5321140	5598	0
202	35262	439
47002	9548917	5321128	5015	0
202	35260	441
47003	9548880	5321117	4389	0
202	35266	436
47004	9548855	5321107	3809	0
202	35270	433
47005	9548835	5321098	3542	0
202	35272	431
47006	9548825	5321092	2670	0
202	35275	428
47007	9548830	5321087	1894	0
202	35271	432
47008	9548835	5321086	1194	0
202	35270	433
47009	9548843	5321087	438	0
202	35268	434
47010	9548845	5321086	544	0
202	35267	435
47011	9548833	5321085	801	0
202	35261	440
47012	9548803	5321081	1470	0
202	35263	438
47013	9548755	5321078	1972	0
202	35263	438
47014	9548687	5321074	2316	0
202	35266	436
47015	9548612	5321071	2392	0
202	35261	440
47016	9548529	5321067	2724	0
202	35251	448
47017	9548430	5321062	3211	0
202	35250	449
47018	9548318	5321056	3635	0
202	35260	441
47019	9548193	5321049	4144	0
202	35248	451
47020	9548052	5321041	4765	0
202	35250	449
47021	9547902	5321033	5030	0
202	35240	458
47022	9547750	5321024	5122	0
202	35243	455
47023	9547586	5321016	5122	0
202	35257	443
47024	9547414	5321007	5402	0
202	35253	447
47025	9547228	5320998	5918	0
202	35231	465
47026	9547031	5320988	5963	0
202	35236	461
47027	9546826	5320979	6374	0
202	35238	459
47028	9546614	5320967	6857	0
202	35227	468
47029	9546391	5320955	7222	0
202	35252	448
47030	9546164	5320944	7046	0
202	35242	456
47031	9545934	5320932	7195	0
202	35225	470
47032	9545702	5320920	7185	0
202	35227	468
47033	9545462	5320908	7333	0
202	35217	477
47034	9545220	5320895	7326	0
202	35214	479
47035	9544976	5320883	7550	0
202	35205	487
47036	9544728	5320870	7709	0
202	35204	488
47037	9544478	5320855	7670	0
202	35216	478
47038	9544222	5320841	8289	0
202	35210	483
47039	9543968	5320825	8506	0
202	35211	482
47040	9543718	5320809	8758	0
202	35208	484
47041	9543464	5320793	8739	0
202	35206	486
47042	9543212	5320777	8880	0
202	35209	484
47043	9542970	5320761	8478	0
202	35202	489
47044	9542718	5320745	8485	0
202	35189	500
47045	9542475	5320729	8572	0
202	35205	487
47046	9542222	5320713	8715	0
202	35202	489
47047	9541970	5320697	8582	0
202	35194	496
47048	9541728	5320680	8593	0
202	35208	484
47049	9541480	5320664	8646	0
202	35206	486
47050	9541232	5320648	8748	0
202	35200	491
47051	9540975	5320631	8900	0
202	35201	490
47052	9540713	5320615	8941	0
202	35218	476
47053	9540448	5320598	8937	0
202	35209	484
47054	9540187	5320582	8948	0
203	35222	473
47055	9539925	5320566	8945	0
202	35220	474
47056	9539665	5320550	8971	0
203	35231	465
47057	9539413	5320534	8934	0
202	35232	464
47058	9539171	5320518	8267	0
202	35236	461
47059	9538935	5320503	8176	0
202	35249	450
47060	9538703	5320487	8000	0
202	35247	452
47061	9538478	5320472	7972	0
202	35245	453
47062	9538248	5320458	7835	0
202	35249	450
47063	9538018	5320443	7726	0
202	35250	449
47064	9537795	5320429	7585	0
202	35259	442
47065	9537577	5320415	7374	0
202	35268	434
47066	9537363	5320402	7213	0
202	35268	434
47067	9537157	5320389	7209	0
202	35266	436
47068	9536952	5320375	6970	0
202	35280	424
47069	9536750	5320362	6969	0
202	35271	432
47070	9536558	5320350	6644	0
203	35275	428
47071	9536370	5320337	6563	0
203	35271	432
47072	9536181	5320325	6748	0
202	35271	432
47073	9535992	5320312	6593	0
203	35283	422
47074	9535805	5320300	6641	0
203	35288	417
47075	9535618	5320287	6596	0
203	35271	432
47076	9535427	5320275	6767	0
203	35278	426
47077	9535235	5320262	6870	0
203	35284	421
47078	9535045	5320249	6944	0
203	35295	412
47079	9534848	5320236	6998	0
203	35294	412
47080	9534654	5320223	6989	0
203	35293	413
47081	9534460	5320210	6950	0
203	35289	417
47082	9534266	5320198	6904	0
203	35302	406
47083	9534067	5320186	6898	0
203	35298	409
47084	9533870	5320173	6937	0
203	35293	413
47085	9533670	5320160	7180	0
203	35287	418
47086	9533462	5320147	7063	0
203	35292	414
47087	9533248	5320133	7587	0
203	35291	415
47088	9533031	5320119	7720	0
203	35293	413
47089	9532806	5320105	7930	0
203	35289	417
47090	9532578	5320090	8050	0
203	35288	417
47091	9532350	5320076	8146	0
203	35293	413
47092	9532113	5320060	8334	0
203	35285	420
47093	9531874	5320046	8439	0
203	35277	427
47094	9531625	5320030	8472	0
203	35275	428
47095	9531373	5320014	8809	0
203	35285	420
47096	9531121	5319998	8822	0
203	35269	433
47097	9530865	5319982	8937	0
203	35271	432
47098	9530608	5319966	9004	0
203	35266	436
47099	9530347	5319949	9084	0
203	35262	439
47100	9530084	5319933	9191	0
203	35261	440
47101	9529814	5319916	9280	0
203	35259	442
47102	9529542	5319899	9374	0
203	35278	426
47103	9529268	5319882	9469	0
203	35279	425
47104	9528996	5319864	9500	0
203	35272	431
47105	9528722	5319847	9513	0
203	35261	440
47106	9528452	5319829	9354	0
203	35279	425
47107	9528187	5319812	9432	0
203	35294	412
47108	9527915	5319795	9435	0
203	35274	429
47109	9527643	5319777	9448	0
203	35272	431
47110	9527371	5319760	9417	0
203	35266	436
47111	9527097	5319743	9417	0
203	35268	434
47112	9526823	5319726	9424	0
203	35263	438
47113	9526551	5319709	9395	0
203	35271	432
47114	9526283	5319692	9398	0
203	35279	425
47115	9526015	5319676	9385	0
203	35285	420
47116	9525748	5319658	9311	0
203	35272	431
47117	9525478	5319641	9356	0
203	35284	421
47118	9525211	5319624	9330	0
203	35272	431
47119	9524950	5319607	9191	0
203	35277	427
47120	9524685	5319590	9247	0
203	35274	429
47121	9524420	5319573	9184	0
203	35265	437
47122	9524143	5319557	9193	0
203	35270	433
47123	9523863	5319541	9209	0
203	35261	440
47124	9523579	5319525	9211	0
203	35261	440
47125	9523287	5319510	9200	0
203	35262	439
47126	9522984	5319496	9191	0
203	35264	438
47127	9522667	5319483	9202	0
203	35269	433
47128	9522348	5319471	9204	0
203	35268	434
47129	9522025	5319458	9224	0
203	35265	437
47130	9521704	5319446	9224	0
203	35268	434
47131	9521379	5319433	9232	0
203	35270	433
47132	9521055	5319419	9245	0
203	35283	422
47133	9520730	5319406	9256	0
203	35264	438
47134	9520400	5319393	9272	0
203	35267	435
47135	9520086	5319380	9315	0
203	35286	419
47136	9519769	5319366	9330	0
203	35270	433
47137	9519450	5319353	9228	0
203	35274	429
47138	9519123	5319340	9285	0
203	35256	444
47139	9518791	5319327	9293	0
203	35270	433
47140	9518470	5319314	9297	0
203	35266	436
47141	9518142	5319300	9491	0
203	35266	436
47142	9517810	5319286	9411	0
203	35250	449
47143	9517480	5319273	9485	0
203	35267	435
47144	9517148	5319259	9482	0
203	35277	427
47145	9516818	5319246	9428	0
203	35276	427
47146	9516490	5319233	9480	0
203	35264	438
47147	9516163	5319220	9458	0
203	35281	423
47148	9515839	5319207	9461	0
203	35266	436
47149	9515510	5319194	9580	0
203	35269	433
47150	9515180	5319180	9522	0
203	35271	432
47151	9514852	5319167	9487	0
203	35276	427
47152	9514522	5319153	9526	0
203	35272	431
47153	9514187	5319140	9719	0
203	35270	433
47154	9513851	5319126	9724	0
203	35262	439
47155	9513516	5319112	9691	0
203	35266	436
47156	9513180	5319098	9815	0
203	35251	448
47157	9512835	5319085	9823	0
203	35264	438
47158	9512490	5319071	9980	0
203	35275	428
47159	9512147	5319056	10080	0
203	35266	436
47160	9511805	5319042	10234	0
203	35270	433
47161	9511474	5319026	10336	0
203	35271	432
47162	9511151	5319009	10387	0
203	35265	437
47163	9510841	5318991	10400	0
203	35272	431
47164	9510544	5318972	10328	0
203	35271	432
47165	9510257	5318953	10413	0
203	35271	432
47166	9509976	5318935	10398	0
203	35271	432
47167	9509715	5318915	10373	0
203	35269	433
47168	9509472	5318894	10352	0
203	35280	424
47169	9509236	5318874	10334	0
203	35277	427
47170	9508997	5318853	9997	0
203	35269	433
47171	9508759	5318833	9956	0
203	35265	437
47172	9508518	5318812	9993	0
203	35295	412
47173	9508277	5318791	9934	0
203	35270	433
47174	9508032	5318770	10139	0
203	35274	429
47175	9507789	5318750	10154	0
203	35283	422
47176	9507546	5318729	10150	0
203	35265	437
47177	9507301	5318708	10141	0
203	35280	424
47178	9507056	5318687	10087	0
203	35261	440
47179	9506812	5318666	10134	0
203	35275	428
47180	9506568	5318645	10143	0
203	35259	442
47181	9506322	5318624	10130	0
203	35301	407
47182	9506079	5318603	10121	0
203	35285	420
47183	9505836	5318583	9798	0
203	35281	423
47184	9505596	5318563	9934	0
203	35269	433
47185	9505365	5318544	9434	0
203	35290	416
47186	9505136	5318525	9280	0
203	35264	438
47187	9504913	5318506	9006	0
203	35293	413
47188	9504692	5318488	8900	0
203	35295	412
47189	9504475	5318470	8663	0
203	35295	412
47190	9504263	5318453	8604	0
203	35305	403
47191	9504057	5318435	8395	0
203	35304	404
47192	9503854	5318418	8389	0
203	35310	399
47193	9503649	5318401	8328	0
204	35297	410
47194	9503444	5318383	8293	0
203	35295	412
47195	9503233	5318365	8685	0
204	35295	412
47196	9503018	5318347	8489	0
204	35307	402
47197	9502804	5318328	8915	0
204	35294	412
47198	9502585	5318310	9109	0
204	35301	407
47199	9502361	5318290	9056	0
203	35312	397
47200	9502138	5318271	9489	0
204	35294	412
47201	9501905	5318252	9258	0
204	35302	406
47202	9501680	5318233	9424	0
204	35307	402
47203	9501465	5318215	8904	0
204	35309	400
47204	9501255	5318197	9152	0
204	35308	401
47205	9501052	5318179	9076	0
204	35314	396
47206	9500852	5318162	8356	0
204	35318	392
47207	9500653	5318145	8191	0
204	35311	398
47208	9500453	5318129	8108	0
204	35313	397
47209	9500254	5318113	7989	0
204	35308	401
47210	9500056	5318097	7861	0
204	35304	404
47211	9499868	5318081	7745	0
204	35302	406
47212	9499683	5318065	7709	0
204	35298	409
47213	9499496	5318049	7756	0
204	35298	409
47214	9499307	5318033	7680	0
204	35303	405
47215	9499119	5318018	7839	0
204	35297	410
47216	9498927	5318002	7759	0
204	35322	389
47217	9498735	5317985	7898	0
204	35309	400
47218	9498538	5317969	7867	0
204	35319	392
47219	9498346	5317952	7893	0
204	35304	404
47220	9498155	5317936	8046	0
204	35321	390
47221	9497967	5317919	7982	0
204	35323	388
47222	9497780	5317903	7769	0
204	35326	386
47223	9497593	5317886	7706	0
204	35316	394
47224	9497403	5317871	7763	0
204	35320	391
47225	9497223	5317856	7300	0
204	35323	388
47226	9497046	5317841	7095	0
204	35325	387
47227	9496875	5317828	6837	0
204	35319	392
47228	9496710	5317814	6741	0
204	35325	387
47229	9496550	5317800	6748	0
204	35318	392
47230	9496393	5317786	6574	0
204	35332	381
47231	9496230	5317773	6520	0
204	35331	382
47232	9496078	5317760	5685	0
204	35327	385
47233	9495943	5317750	4911	0
204	35336	377
47234	9495829	5317740	4200	0
204	35334	379
47235	9495733	5317732	3663	0
204	35345	370
47236	9495645	5317725	3266	0
204	35343	372
47237	9495573	5317719	2752	0
204	35336	377
47238	9495505	5317714	2485	0
204	35329	383
47239	9495412	5317710	2379	0
204	35338	376
47240	9495345	5317706	2292	0
204	35343	372
47241	9495270	5317703	2305	0
204	35336	377
47242	9495180	5317700	2392	0
204	35343	372
47243	9495085	5317698	2500	0
204	35339	375
47244	9495005	5317694	2492	0
204	35337	376
47245	9494953	5317688	2561	0
204	35334	379
47246	9494948	5317682	2520	0
204	35329	383
47247	9494944	5317676	2531	0
204	35327	385
47248	9494922	5317669	2689	0
204	35329	383
47249	9494886	5317662	2961	0
204	35334	379
47250	9494828	5317655	3265	0
204	35329	383
47251	9494752	5317647	3642	0
204	35321	390
47252	9494660	5317638	4087	0
204	35335	378
47253	9494568	5317629	4187	0
204	35328	384
47254	9494482	5317620	4196	0
204	35327	385
47255	9494382	5317611	4202	0
204	35322	389
47256	9494278	5317602	4428	0
204	35324	387
47257	9494168	5317593	4792	0
204	35318	392
47258	9494053	5317582	5281	0
204	35316	394
47259	9493932	5317571	5250	0
204	35324	387
47260	9493795	5317560	5205	0
204	35317	393
47261	9493650	5317549	5422	0
204	35317	393
47262	9493508	5317539	5470	0
204	35320	391
47263	9493370	5317529	4980	0
205	35335	378
47264	9493245	5317519	4967	0
204	35322	389
47265	9493129	5317508	4926	0
204	35314	396
47266	9493023	5317497	4841	0
204	35317	393
47267	9492918	5317487	4798	0
204	35326	386
47268	9492806	5317477	4765	0
204	35314	396
47269	9492672	5317466	4811	0
205	35326	386
47270	9492555	5317457	4778	0
205	35326	386
47271	9492436	5317446	5065	0
204	35318	392
47272	9492322	5317436	4820	0
205	35327	385
47273	9492208	5317426	4607	0
205	35329	383
47274	9492090	5317417	4422	0
205	35320	391
47275	9491973	5317409	4428	0
205	35328	384
47276	9491857	5317399	4485	0
205	35326	386
47277	9491743	5317389	4594	0
205	35321	390
47278	9491629	5317379	4594	0
205	35318	392
47279	9491511	5317369	4818	0
205	35323	388
47280	9491386	5317359	5050	0
205	35321	390
47281	9491255	5317347	5181	0
205	35325	387
47282	9491121	5317336	5252	0
205	35313	397
47283	9490992	5317326	5448	0
205	35309	400
47284	9490855	5317314	5444	0
205	35321	390
47285	9490720	5317303	5504	0
205	35326	386
47286	9490597	5317293	4920	0
205	35318	392
47287	9490465	5317281	5152	0
205	35334	379
47288	9490336	5317270	5046	0
205	35328	384
47289	9490210	5317260	5039	0
205	35323	388
47290	9490082	5317250	5037	0
205	35332	381
47291	9489960	5317239	5028	0
205	35341	373
47292	9489837	5317228	5067	0
205	35342	372
47293	9489714	5317218	5113	0
205	35337	376
47294	9489589	5317207	5155	0
205	35342	372
47295	9489463	5317196	5144	0
205	35340	374
47296	9489344	5317186	5096	0
205	35342	372
47297	9489220	5317176	4902	0
205	35338	376
47298	9489100	5317166	4698	0
205	35351	365
47299	9488980	5317156	4741	0
205	35342	372
47300	9488863	5317146	4909	0
205	35342	372
47301	9488742	5317135	5030	0
205	35359	358
47302	9488620	5317125	5137	0
205	35341	373
47303	9488490	5317114	5093	0
205	35355	361
47304	9488360	5317103	5381	0
205	35348	367
47305	9488229	5317092	5368	0
205	35347	368
47306	9488095	5317081	5378	0
205	35356	361
47307	9487960	5317070	5383	0
205	35354	362
47308	9487825	5317059	5428	0
205	35354	362
47309	9487697	5317048	5476	0
205	35363	355
47310	9487567	5317037	5441	0
205	35366	352
47311	9487438	5317027	5015	0
205	35361	356
47312	9487307	5317017	4896	0
205	35359	358
47313	9487177	5317007	4861	0
205	35366	352
47314	9487053	5316997	4824	0
205	35374	346
47315	9486935	5316987	4807	0
205	35357	360
47316	9486823	5316977	4761	0
205	35374	346
47317	9486716	5316968	4579	0
205	35372	347
47318	9486615	5316958	4411	0
205	35372	347
47319	9486513	5316949	4281	0
205	35371	348
47320	9486410	5316940	4229	0
205	35382	339
47321	9486307	5316931	4179	0
205	35373	346
47322	9486210	5316923	4168	0
205	35377	343
47323	9486110	5316915	3696	0
205	35382	339
47324	9486030	5316909	2757	0
205	35376	344
47325	9485967	5316903	2392	0
205	35378	342
47326	9485922	5316902	1157	0
205	35379	341
47327	9485888	5316900	944	0
205	35378	342
47328	9485865	5316898	1070	0
205	35376	344
47329	9485833	5316895	1496	0
205	35378	342
47330	9485795	5316892	1848	0
205	35383	338
47331	9485740	5316888	2183	0
205	35382	339
47332	9485653	5316884	2574	0
205	35381	340
47333	9485555	5316882	2755	0
205	35372	347
47334	9485456	5316880	2761	0
205	35374	346
47335	9485333	5316881	3207	0
205	35371	348
47336	9485191	5316882	3381	0
205	35366	352
47337	9485040	5316883	3555	0
205	35363	355
47338	9484881	5316884	3728	0
205	35362	356
47339	9484715	5316885	3950	0
205	35366	352
47340	9484540	5316885	4233	0
205	35356	361
47341	9484365	5316886	4133	0
205	35353	363
47342	9484194	5316887	3989	0
205	35349	366
47343	9484025	5316887	3983	0
206	35357	360
47344	9483853	5316888	4035	0
206	35358	359
47345	9483682	5316889	4065	0
206	35356	361
47346	9483510	5316890	3996	0
206	35355	361
47347	9483341	5316890	3831	0
205	35344	371
47348	9483182	5316890	3676	0
205	35346	369
47349	9483033	5316890	3468	0
206	35355	361
47350	9482892	5316889	3259	0
206	35346	369
47351	9482760	5316886	3209	0
206	35350	366
47352	9482647	5316882	3065	0
206	35361	356
47353	9482540	5316876	3520	0
206	35348	367
47354	9482442	5316869	3589	0
206	35343	372
47355	9482345	5316862	3531	0
206	35347	368
47356	9482255	5316855	3483	0
206	35354	362
47357	9482165	5316849	3118	0
206	35351	365
47358	9482083	5316843	2633	0
206	35360	357
47359	9482005	5316839	2172	0
206	35356	361
47360	9481943	5316834	1905	0
206	35357	360
47361	9481882	5316831	1892	0
206	35349	366
47362	9481820	5316828	2050	0
206	35350	366
47363	9481767	5316823	2270	0
206	35346	369
47364	9481700	5316818	2690	0
206	35338	376
47365	9481625	5316813	3113	0
206	35345	370
47366	9481535	5316806	3603	0
206	35340	374
47367	9481430	5316799	4220	0
206	35343	372
47368	9481308	5316791	4741	0
206	35332	381
47369	9481172	5316782	4902	0
206	35340	374
47370	9481033	5316773	4761	0
206	35346	369
47371	9480900	5316763	5133	0
206	35325	387
47372	9480760	5316752	5294	0
206	35327	385
47373	9480620	5316741	5563	0
206	35331	382
47374	9480478	5316730	5667	0
206	35327	385
47375	9480325	5316718	5706	0
206	35324	387
47376	9480171	5316706	5952	0
206	35312	397
47377	9480023	5316694	5950	0
206	35324	387
47378	9479878	5316682	6006	0
206	35318	392
47379	9479730	5316670	6061	0
206	35315	395
47380	9479585	5316657	6098	0
206	35310	399
47381	9479446	5316645	6219	0
206	35310	399
47382	9479312	5316631	6252	0
206	35310	399
47383	9479177	5316617	6250	0
206	35305	403
47384	9479047	5316604	6263	0
206	35298	409
47385	9478915	5316591	6020	0
206	35304	404
47386	9478785	5316578	6017	0
206	35311	398
47387	9478657	5316565	6013	0
206	35305	403
47388	9478539	5316551	6046	0
206	35304	404
47389	9478414	5316538	6037	0
206	35301	407
47390	9478289	5316525	6024	0
206	35297	410
47391	9478167	5316511	5963	0
206	35309	400
47392	9478035	5316499	5987	0
206	35301	407
47393	9477903	5316487	5535	0
206	35300	407
47394	9477777	5316475	5381	0
206	35307	402
47395	9477652	5316464	5085	0
206	35304	404
47396	9477533	5316454	5015	0
206	35302	406
47397	9477415	5316443	4954	0
206	35307	402
47398	9477299	5316432	5318	0
206	35287	418
47399	9477179	5316420	5376	0
206	35300	407
47400	9477057	5316408	5157	0
206	35296	411
47401	9476831	5316387	4985	0
206	35306	402
47402	9476831	5316387	4985	0
206	35305	403
47403	9476717	5316376	5231	0
206	35304	404
47404	9476593	5316365	5244	0
206	35311	398
47405	9476470	5316354	5163	0
206	35304	404
47406	9476350	5316343	5200	0
206	35309	400
47407	9476229	5316332	5241	0
206	35314	396
47408	9476110	5316322	5037	0
206	35312	397
47409	9475995	5316311	4883	0
206	35321	390
47410	9475877	5316300	4972	0
206	35325	387
47411	9475757	5316289	5181	0
206	35327	385
47412	9475638	5316278	5274	0
206	35325	387
47413	9475513	5316267	5170	0
206	35330	382
47414	9475385	5316255	5485	0
207	35329	383
47415	9475260	5316243	5530	0
207	35341	373
47416	9475139	5316231	5596	0
207	35343	372
47417	9475015	5316218	5644	0
207	35349	366
47418	9474896	5316206	5535	0
207	35351	365
47419	9474778	5316194	5524	0
207	35350	366
47420	9474658	5316182	5572	0
207	35350	366
47421	9474526	5316170	5563	0
207	35351	365
47422	9474390	5316158	5774	0
207	35363	355
47423	9474255	5316145	5830	0
207	35365	353
47424	9474123	5316133	5909	0
207	35372	347
47425	9473989	5316120	5913	0
207	35372	347
47426	9473853	5316107	6056	0
207	35365	353
47427	9473722	5316094	6067	0
207	35366	352
47428	9473585	5316080	6389	0
207	35373	346
47429	9473447	5316066	6491	0
207	35368	351
47430	9473305	5316052	6474	0
207	35376	344
47431	9473151	5316037	7232	0
207	35378	342
47432	9472995	5316021	7463	0
207	35372	347
47433	9472835	5316004	7739	0
207	35380	341
47434	9472672	5315986	7926	0
207	35374	346
47435	9472502	5315968	8256	0
207	35386	336
47436	9472323	5315951	8389	0
207	35381	340
47437	9472140	5315932	8463	0
207	35397	326
47438	9471950	5315914	8571	0
207	35396	327
47439	9471762	5315896	8576	0
207	35390	332
47440	9471575	5315877	8565	0
207	35393	330
47441	9471388	5315859	8632	0
207	35391	331
47442	9471198	5315840	8622	0
207	35402	322
47443	9471008	5315821	8780	0
207	35406	319
47444	9470819	5315803	8732	0
207	35414	312
47445	9470625	5315784	8772	0
207	35403	321
47446	9470431	5315766	8434	0
207	35397	326
47447	9470248	5315748	8339	0
207	35408	317
47448	9470061	5315729	8337	0
207	35560	190
47449	9469875	5315711	8441	0
207	35408	317
47450	9469678	5315692	8321	0
207	35403	321
47451	9469481	5315672	8750	0
207	35395	328
47452	9469275	5315654	8591	0
207	35400	324
47453	9469065	5315634	8689	0
207	35403	321
47454	9468853	5315613	9471	0
207	35400	324
47455	9468640	5315593	9461	0
207	35565	186
47456	9468427	5315573	9413	0
207	35417	310
47457	9468210	5315552	9584	0
207	35408	317
47458	9467995	5315531	9676	0
207	35414	312
47459	9467773	5315510	9676	0
207	35417	310
47460	9467558	5315489	9678	0
207	35409	316
47461	9467335	5315469	9732	0
207	35400	324
47462	9467112	5315448	9730	0
207	35403	321
47463	9466885	5315427	9739	0
207	35413	313
47464	9466666	5315406	9484	0
207	35411	315
47465	9466460	5315386	9282	0
207	35413	313
47466	9466242	5315366	9235	0
207	35562	189
47467	9466030	5315346	9282	0
207	35403	321
47468	9465827	5315327	9267	0
207	35404	321
47469	9465620	5315307	9265	0
207	35406	319
47470	9465418	5315288	9222	0
207	35402	322
47471	9465207	5315267	9278	0
207	35564	187
47472	9465002	5315247	9328	0
207	35393	330
47473	9464785	5315226	9384	0
207	35562	189
47474	9464577	5315207	9326	0
207	35415	311
47475	9464367	5315187	9209	0
207	35416	311
47476	9464157	5315167	8930	0
207	35574	179
47477	9463946	5315146	9108	0
207	35417	310
47478	9463740	5315125	9106	0
207	35567	185
47479	9463535	5315105	9058	0
207	35568	184
47480	9463335	5315085	9047	0
207	35563	188
47481	9463128	5315066	9056	0
207	35561	190
47482	9462915	5315046	9260	0
207	35573	179
47483	9462702	5315027	9297	0
207	35575	178
47484	9462495	5315008	9254	0
207	35570	182
47485	9462298	5314988	9308	0
207	35576	177
47486	9462102	5314967	9360	0
207	35572	180
47487	9461912	5314947	9454	0
207	35562	189
47488	9461725	5314927	9398	0
207	35560	190
47489	9461549	5314906	9313	0
207	35572	180
47490	9461378	5314885	9324	0
207	35573	179
47491	9461218	5314864	9380	0
207	35579	174
47492	9461061	5314843	9348	0
207	35570	182
47493	9460910	5314821	9330	0
207	35580	174
47494	9460767	5314800	9321	0
207	35567	185
47495	9460630	5314779	8939	0
208	35584	170
47496	9460500	5314759	8934	0
207	35586	169
47497	9460377	5314738	8974	0
207	35571	181
47498	9460248	5314717	8943	0
208	35583	171
47499	9460118	5314696	9239	0
208	35576	177
47500	9459987	5314675	9056	0
208	35580	174
47501	9459853	5314652	9154	0
208	35598	159
47502	9459720	5314630	9548	0
207	35572	180
47503	9459583	5314608	9411	0
208	35574	179
47504	9459445	5314586	9480	0
208	35571	181
47505	9459303	5314564	9513	0
208	35586	169
47506	9459158	5314541	9650	0
208	35575	178
47507	9459008	5314518	9665	0
208	35576	177
47508	9458861	5314496	9606	0
208	35585	170
47509	9458720	5314473	9613	0
208	35595	161
47510	9458578	5314451	9645	0
208	35575	178
47511	9458438	5314428	9610	0
208	35569	183
47512	9458295	5314406	9608	0
208	35575	178
47513	9458154	5314383	9643	0
208	35572	180
47514	9458005	5314361	9474	0
208	35586	169
47515	9457853	5314338	9552	0
208	35579	174
47516	9457705	5314316	9502	0
208	35584	170
47517	9457565	5314293	9491	0
208	35575	178
47518	9457428	5314271	9469	0
208	35578	175
47519	9457289	5314250	9178	0
208	35583	171
47520	9457145	5314228	8998	0
208	35579	174
47521	9457004	5314207	9000	0
208	35585	170
47522	9456852	5314186	8965	0
208	35582	172
47523	9456690	5314165	8987	0
208	35578	175
47524	9456507	5314145	8863	0
208	35575	178
47525	9456304	5314126	8850	0
208	35581	173
47526	9456093	5314107	8847	0
208	35575	178
47527	9455852	5314089	8995	0
208	35600	157
47528	9455591	5314072	8924	0
208	35581	173
47529	9455318	5314054	9484	0
208	35574	179
47530	9455047	5314036	9430	0
208	35589	166
47531	9454785	5314018	9297	0
208	35589	166
47532	9454525	5314000	9361	0
208	35589	166
47533	9454250	5313983	9371	0
208	35601	156
47534	9453980	5313965	9335	0
208	35585	170
47535	9453712	5313947	9317	0
208	35614	145
47536	9453435	5313929	9272	0
208	35600	157
47537	9453165	5313911	9358	0
208	35590	165
47538	9452902	5313894	9100	0
208	35592	164
47539	9452637	5313876	9197	0
208	35589	166
47540	9452382	5313859	9215	0
208	35586	169
47541	9452131	5313842	9161	0
208	35583	171
47542	9451885	5313825	8934	0
208	35586	169
47543	9451638	5313808	8972	0
208	35592	164
47544	9451391	5313791	8974	0
208	35591	164
47545	9451141	5313773	8871	0
208	35596	160
47546	9450889	5313756	8935	0
208	35593	163
47547	9450642	5313740	8926	0
208	35600	157
47548	9450385	5313723	9041	0
208	35596	160
47549	9450122	5313706	9082	0
208	35576	177
47550	9449859	5313689	9076	0
208	35590	165
47551	9449596	5313672	9065	0
208	35596	160
47552	9449328	5313655	9113	0
208	35588	167
47553	9449047	5313638	9139	0
208	35605	153
47554	9448771	5313621	9132	0
208	35592	164
47555	9448505	5313605	9130	0
208	35601	156
47556	9448234	5313588	9132	0
208	35601	156
47557	9447955	5313572	9174	0
208	35598	159
47558	9447660	5313555	9159	0
208	35590	165
47559	9447362	5313539	9430	0
208	35595	161
47560	9447053	5313522	9480	0
208	35597	159
47561	9446749	5313506	9480	0
208	35589	166
47562	9446439	5313490	9530	0
208	35601	156
47563	9446132	5313474	9580	0
208	35598	159
47564	9445820	5313458	9811	0
208	35600	157
47565	9445488	5313442	10084	0
208	35601	156
47566	9445150	5313424	10123	0
208	35590	165
47567	9444810	5313408	10011	0
208	35599	158
47568	9444470	5313392	10165	0
208	35606	152
47569	9444125	5313377	10130	0
208	35594	162
47570	9443780	5313362	10174	0
208	35592	164
47571	9443437	5313347	10193	0
208	35576	177
47572	9443084	5313333	10202	0
208	35584	170
47573	9442719	5313317	10398	0
208	35586	169
47574	9442350	5313303	10408	0
208	35576	177
47575	9441978	5313288	10443	0
208	35602	155
47576	9441604	5313275	10432	0
208	35585	170
47577	9441240	5313262	10348	0
208	35591	164
47578	9440871	5313250	10350	0
208	35597	159
47579	9440492	5313238	10395	0
208	35592	164
47580	9440110	5313226	10371	0
208	35609	149
47581	9439723	5313213	10582	0
208	35588	167
47582	9439335	5313202	10445	0
208	35590	165
47583	9438942	5313191	10415	0
208	35587	168
47584	9438543	5313181	10415	0
208	35590	165
47585	9438138	5313171	10539	0
208	35598	159
47586	9437727	5313162	10647	0
208	35606	152
47587	9437308	5313152	10687	0
208	35599	158
47588	9436885	5313143	10771	0
209	35616	144
47589	9436461	5313134	10813	0
208	35588	167
47590	9436033	5313125	10882	0
208	35606	152
47591	9435601	5313116	10886	0
209	35602	155
47592	9435168	5313108	10921	0
209	35598	159
47593	9434730	5313101	10950	0
209	35599	158
47594	9434294	5313094	10958	0
208	35584	170
47595	9433860	5313087	10656	0
209	35587	168
47596	9433434	5313081	10426	0
209	35603	154
47597	9433017	5313075	10215	0
209	35599	158
47598	9432609	5313069	10108	0
209	35607	151
47599	9432203	5313064	10045	0
209	35601	156
47600	9431798	5313058	10121	0
209	35584	170
47601	9431390	5313054	10174	0
208	35569	183
47602	9430977	5313049	10176	0
209	35590	165
47603	9430562	5313044	10248	0
209	35591	164
47604	9430143	5313039	10337	0
209	35591	164
47605	9429724	5313034	10495	0
209	35586	169
47606	9429298	5313029	10391	0
209	35591	164
47607	9428872	5313025	10450	0
209	35600	157
47608	9428455	5313020	10465	0
209	35604	154
47609	9428046	5313016	9995	0
209	35609	149
47610	9427640	5313011	10000	0
209	35606	152
47611	9427232	5313007	9997	0
209	35621	139
47612	9426826	5313002	9984	0
209	35622	139
47613	9426420	5312998	10019	0
209	35608	150
47614	9426017	5312993	9921	0
209	35618	142
47615	9425613	5312988	9965	0
209	35620	140
47616	9425207	5312983	10073	0
209	35619	141
47617	9424797	5312979	10106	0
209	35616	144
47618	9424388	5312974	10156	0
209	35624	137
47619	9423979	5312970	10130	0
209	35627	134
47620	9423575	5312965	9804	0
209	35623	138
47621	9423177	5312961	9693	0
209	35635	128
47622	9422789	5312956	9500	0
209	35636	127
47623	9422405	5312951	9360	0
209	35629	133
47624	9422029	5312946	9195	0
209	35640	124
47625	9421657	5312942	9011	0
209	35644	120
47626	9421291	5312938	8937	0
209	35645	119
47627	9420927	5312933	8932	0
209	35635	128
47628	9420560	5312929	9078	0
209	35631	131
47629	9420187	5312925	9209	0
209	35636	127
47630	9419808	5312921	9421	0
209	35632	130
47631	9419428	5312917	9641	0
209	35614	145
47632	9419039	5312913	9528	0
209	35637	126
47633	9418652	5312908	9445	0
209	35625	136
47634	9418265	5312903	9443	0
209	35623	138
47635	9417875	5312899	9528	0
209	35631	131
47636	9417483	5312894	9687	0
209	35635	128
47637	9417087	5312889	9778	0
209	35640	124
47638	9416683	5312885	9898	0
209	35636	127
47639	9416277	5312880	9934	0
209	35632	130
47640	9415869	5312875	9935	0
209	35633	129
47641	9415463	5312871	9948	0
209	35623	138
47642	9415055	5312866	9997	0
209	35611	148
47643	9414645	5312860	10013	0
209	35635	128
47644	9414235	5312855	10024	0
209	35622	139
47645	9413821	5312851	10041	0
209	35635	128
47646	9413415	5312846	10048	0
209	35629	133
47647	9413010	5312840	10039	0
209	35630	132
47648	9412606	5312835	9695	0
209	35636	127
47649	9412211	5312830	9632	0
209	35644	120
47650	9411823	5312824	9687	0
209	35641	123
47651	9411435	5312817	9715	0
209	35656	110
47652	9411043	5312810	9619	0
209	35643	121
47653	9410652	5312803	9617	0
209	35645	119
47654	9410260	5312795	9884	0
209	35639	124
47655	9409873	5312788	9756	0
209	35656	110
47656	9409492	5312780	9767	0
209	35644	120
47657	9409113	5312771	9539	0
209	35643	121
47658	9408742	5312763	9439	0
209	35638	125
47659	9408007	5312744	9447	0
209	35652	114
47660	9408007	5312744	9447	0
209	35644	120
47661	9407643	5312734	9765	0
209	35651	114
47662	9407282	5312724	9571	0
209	35656	110
47663	9406925	5312714	9452	0
209	35641	123
47664	9406575	5312703	9411	0
209	35656	110
47665	9406223	5312692	9471	0
209	35653	113
47666	9405867	5312681	9452	0
209	35646	119
47667	9405508	5312670	9687	0
209	35658	109
47668	9405150	5312659	9758	0
209	35659	108
47669	9404795	5312647	9830	0
209	35646	119
47670	9404444	5312634	9865	0
209	35644	120
47671	9404092	5312622	9917	0
209	35628	134
47672	9403744	5312608	9926	0
209	35648	117
47673	9403399	5312595	9845	0
210	35660	107
47674	9403058	5312581	9748	0
209	35665	103
47675	9402725	5312567	9654	0
209	35671	98
47676	9402393	5312554	9561	0
209	35654	112
47677	9402068	5312540	9411	0
210	35676	94
47678	9401753	5312526	9372	0
210	35659	108
47679	9401445	5312512	9341	0
210	35652	114
47680	9401140	5312497	9354	0
210	35657	109
47681	9400837	5312482	9408	0
210	35641	123
47682	9400537	5312467	9441	0
210	35659	108
47683	9400235	5312452	9493	0
210	35647	118
47684	9399939	5312436	9385	0
210	35638	125
47685	9399642	5312422	9182	0
210	35641	123
47686	9399350	5312407	9178	0
210	35631	131
47687	9399063	5312392	9026	0
210	35644	120
47688	9398782	5312377	9032	0
210	35668	100
47689	9398495	5312362	8982	0
210	35664	104
47690	9398203	5312347	8965	0
210	35663	104
47691	9397910	5312332	9289	0
210	35641	123
47692	9397616	5312316	9393	0
210	35657	109
47693	9397318	5312301	9485	0
210	35655	111
47694	9397014	5312286	9569	0
210	35664	104
47695	9396707	5312271	9576	0
210	35655	111
47696	9396400	5312256	9569	0
210	35655	111
47697	9396091	5312241	9421	0
210	35655	111
47698	9395786	5312227	9315	0
210	35660	107
47699	9395485	5312213	9378	0
210	35662	105
47700	9395185	5312199	8969	0
210	35672	97
47701	9394888	5312186	8969	0
210	35666	102
47702	9394591	5312173	8943	0
210	35666	102
47703	9394301	5312161	8854	0
210	35669	99
47704	9394015	5312150	8083	0
210	35674	95
47705	9393739	5312139	7843	0
210	35668	100
47706	9393474	5312129	7432	0
210	35681	89
47707	9393220	5312120	7143	0
210	35685	86
47708	9392988	5312111	6585	0
210	35684	87
47709	9392776	5312104	6078	0
210	35689	83
47710	9392571	5312097	5796	0
210	35694	79
47711	9392370	5312091	5609	0
210	35694	79
47712	9392175	5312085	5470	0
210	35697	76
47713	9391982	5312080	5341	0
210	35698	75
47714	9391793	5312075	5113	0
210	35700	74
47715	9391605	5312072	4733	0
210	35706	69
47716	9391420	5312070	4654	0
210	35697	76
47717	9391235	5312071	4644	0
210	35689	83
47718	9391055	5312073	4689	0
210	35689	83
47719	9390875	5312078	4696	0
210	35686	85
47720	9390730	5312089	4709	0
210	35687	84
47721	9390629	5312099	4463	0
210	35681	89
47722	9390569	5312109	4228	0
210	35679	91
47723	9390585	5312121	4567	0
210	35674	95
47724	9390630	5312131	4283	0
210	35662	105
47725	9390738	5312143	4655	0
210	35669	99
47726	9390879	5312153	4481	0
210	35654	112
47727	9391047	5312163	4850	0
210	35644	120
47728	9391235	5312169	4620	0
210	35652	114
47729	9391432	5312173	4624	0
210	35633	129
47730	9391633	5312175	4750	0
210	35635	128
47731	9391838	5312175	4780	0
210	35634	129
47732	9392042	5312174	4896	0
210	35629	133
47733	9392243	5312171	4941	0
210	35627	134
47734	9392444	5312167	4913	0
210	35623	138
47735	9392630	5312163	4794	0
210	35620	140
47736	9392817	5312155	5320	0
210	35619	141
47737	9392993	5312146	5120	0
210	35616	144
47738	9393150	5312136	5443	0
210	35616	144
47739	9393293	5312125	5381	0
210	35612	147
47740	9393420	5312113	5989	0
210	35607	151
47741	9393530	5312099	6104	0
210	35607	151
47742	9393635	5312085	6331	0
210	35619	141
47743	9393735	5312069	6439	0
210	35629	133
47744	9393835	5312054	6528	0
210	35637	126
47745	9393931	5312038	6526	0
210	35632	130
47746	9394022	5312023	6570	0
210	35641	123
47747	9394107	5312007	6570	0
210	35657	109
47748	9394187	5311991	6626	0
210	35647	118
47749	9394260	5311974	6643	0
210	35665	103
47750	9394328	5311957	6620	0
210	35690	82
47751	9394392	5311940	6748	0
210	35682	89
47752	9394446	5311923	6756	0
210	35686	85
47753	9394495	5311906	6704	0
210	35697	76
47754	9394538	5311889	6732	0
210	35706	69
47755	9394571	5311873	6735	0
210	35706	69
47756	9394604	5311856	6733	0
210	35704	70
47757	9394630	5311839	6420	0
210	35706	69
47758	9394647	5311823	6428	0
211	35719	58
47759	9394653	5311807	6096	0
210	35711	64
47760	9394653	5311793	5294	0
211	35721	56
47761	9394649	5311781	4513	0
210	35721	56
47762	9394637	5311772	3728	0
210	35723	54
47763	9394624	5311763	3074	0
210	35721	56
47764	9394608	5311757	2307	0
211	35724	54
47765	9394587	5311752	2318	0
211	35726	52
47766	9394560	5311748	2257	0
211	35728	50
47767	9394520	5311743	2377	0
211	35726	52
47768	9394468	5311738	2389	0
211	35728	50
47769	9394442	5311732	2485	0
211	35727	51
47770	9394440	5311726	2348	0
211	35725	53
47771	9394484	5311721	2283	0
211	35727	51
47772	9394551	5311718	2226	0
211	35727	51
47773	9394650	5311715	2726	0
211	35726	52
47774	9394760	5311714	2809	0
211	35734	45
47775	9394874	5311716	2742	0
211	35733	46
47776	9394994	5311717	2870	0
211	35730	49
47777	9395113	5311715	3194	0
211	35736	44
47778	9395244	5311711	3674	0
211	35723	54
47779	9395370	5311708	3324	0
211	35735	44
47780	9395482	5311705	2744	0
211	35735	44
47781	9395572	5311702	2302	0
211	35734	45
47782	9395621	5311700	1494	0
211	35726	52
47783	9395650	5311696	1400	0
211	35726	52
47784	9395654	5311693	1466	0
211	35726	52
47785	9395634	5311687	2009	0
211	35726	52
47786	9395614	5311682	2124	0
211	35721	56
47787	9395598	5311677	2137	0
211	35727	51
47788	9395587	5311672	2087	0
211	35725	53
47789	9395578	5311666	1935	0
211	35729	49
47790	9395568	5311662	1789	0
211	35728	50
47791	9395558	5311658	1651	0
211	35733	46
47792	9395558	5311654	1311	0
211	35725	53
47793	9395587	5311652	1094	0
211	35723	54
47794	9395635	5311651	1498	0
211	35733	46
47795	9395701	5311651	1720	0
211	35709	66
47796	9395788	5311652	1924	0
211	35697	76
47797	9395879	5311653	2037	0
211	35713	63
47798	9395965	5311652	1948	0
211	35713	63
47799	9396045	5311652	1761	0
211	35717	59
47800	9396113	5311651	1540	0
211	35719	58
47801	9396176	5311651	1474	0
211	35713	63
47802	9396234	5311652	1351	0
211	35723	54
47803	9396278	5311653	1200	0
211	35721	56
47804	9396308	5311654	851	0
211	35723	54
47805	9396320	5311656	581	0
211	35720	57
47806	9396323	5311657	392	0
211	35719	58
47807	9396321	5311657	303	0
211	35719	58
47808	9396320	5311658	14	0
211	35718	59
47809	9396317	5311658	7	0
211	35717	59
47810	9396317	5311659	7	0
211	35717	59
47811	9396317	5311659	3	0
211	35718	59
47812	9396318	5311659	0	0
211	35727	51
47813	9396318	5311659	3	0
211	35726	52
47814	9396320	5311659	0	0
211	35727	51
47815	9396320	5311659	1	0
211	35725	53
47816	9396321	5311659	18	0
211	35729	49
47817	9396328	5311659	12	0
211	35724	54
47818	9396334	5311658	5	0
211	35722	55
47819	9396337	5311658	11	0
211	35722	55
47820	9396337	5311659	0	0
211	35718	59
47821	9396337	5311659	0	0
211	35721	56
47822	9396337	5311659	0	0
211	35726	52
47823	9396337	5311659	11	0
211	35723	54
47824	9396337	5311659	259	0
211	35720	57
47825	9396340	5311660	372	0
211	35722	55
47826	9396334	5311661	483	0
211	35713	63
47827	9396315	5311663	972	0
211	35732	47
47828	9396288	5311665	1148	0
211	35728	50
47829	9396256	5311667	1344	0
211	35721	56
47830	9396222	5311668	1088	0
211	35733	46
47831	9396192	5311669	798	0
211	35723	54
47832	9396175	5311669	596	0
211	35733	46
47833	9396169	5311669	438	0
211	35730	49
47834	9396163	5311670	307	0
211	35734	45
47835	9396160	5311669	207	0
211	35731	48
47836	9396160	5311669	112	0
211	35732	47
47837	9396160	5311668	70	0
211	35730	49
47838	9396160	5311667	81	0
211	35733	46
47839	9396160	5311666	50	0
211	35726	52
47840	9396160	5311666	44	0
211	35730	49
47841	9396158	5311666	37	0
211	35733	46
47842	9396160	5311666	231	0
211	35727	51
47843	9396163	5311665	235	0
211	35732	47
47844	9396169	5311665	170	0
211	35728	50
47845	9396163	5311665	161	0
211	35731	48
47846	9396155	5311665	153	0
211	35732	47
47847	9396156	5311664	240	0
211	35733	46
47848	9396165	5311663	501	0
211	35735	44
47849	9396176	5311662	416	0
211	35729	49
47850	9396182	5311662	233	0
211	35728	50
47851	9396180	5311661	146	0
211	35730	49
47852	9396176	5311661	79	0
212	35739	41
47853	9396169	5311661	92	0
211	35729	49
47854	9396158	5311660	107	0
211	35730	49
47855	9396152	5311660	146	0
211	35723	54
47856	9396147	5311661	101	0
211	35731	48
47857	9396138	5311661	100	0
211	35732	47
47858	9396132	5311661	148	0
211	35725	53
47859	9396125	5311661	179	0
211	35728	50
47860	9396118	5311661	185	0
211	35730	49
47861	9396113	5311662	174	0
212	35732	47
47862	9396109	5311662	79	0
211	35721	56
47863	9396103	5311661	79	0
212	35735	44
47864	9396098	5311661	142	0
211	35726	52
47865	9396091	5311661	172	0
212	35735	44
47866	9396089	5311661	179	0
211	35725	53
47867	9396085	5311660	235	0
211	35728	50
47868	9396082	5311660	187	0
211	35725	53
47869	9396078	5311660	118	0
211	35723	54
47870	9396078	5311660	109	0
211	35725	53
47871	9396080	5311660	79	0
211	35725	53
47872	9396080	5311660	135	0
211	35726	52
47873	9396076	5311661	257	0
211	35722	55
47874	9396071	5311661	292	0
211	35725	53
47875	9396063	5311661	294	0
211	35725	53
47876	9396058	5311661	414	0
211	35724	54
47877	9396045	5311661	603	0
211	35723	54
47878	9396030	5311661	692	0
211	35726	52
47879	9396008	5311662	696	0
211	35727	51
47880	9395995	5311663	498	0
211	35723	54
47881	9395984	5311664	335	0
211	35724	54
47882	9395978	5311665	274	0
211	35728	50
47883	9395980	5311666	168	0
211	35731	48
47884	9395985	5311665	74	0
211	35728	50
47885	9395988	5311666	72	0
211	35729	49
47886	9395993	5311666	75	0
211	35732	47
47887	9396000	5311666	77	0
211	35732	47
47888	9395997	5311666	148	0
211	35733	46
47889	9396000	5311666	18	0
211	35728	50
47890	9396005	5311666	157	0
211	35729	49
47891	9396010	5311667	87	0
211	35729	49
47892	9396024	5311666	83	0
211	35720	57
47893	9396031	5311666	25	0
211	35728	50
47894	9396040	5311666	90	0
211	35727	51
47895	9396042	5311666	57	0
211	35734	45
47896	9396044	5311666	107	0
211	35735	44
47897	9396044	5311666	107	0
211	35722	55
47898	9396050	5311667	192	0
211	35716	60
47899	9396053	5311667	29	0
211	35725	53
47900	9396053	5311667	42	0
211	35711	64
47901	9396055	5311667	46	0
211	35720	57
47902	9396055	5311667	90	0
211	35720	57
47903	9396057	5311668	16	0
211	35730	49
47904	9396057	5311668	57	0
211	35729	49
47905	9396053	5311668	285	0
211	35726	52
47906	9396040	5311669	394	0
211	35724	54
47907	9396027	5311669	388	0
211	35714	62
47908	9396015	5311670	331	0
211	35720	57
47909	9396010	5311670	153	0
211	35718	59
47910	9396007	5311672	153	0
211	35723	54
47911	9396005	5311672	98	0
211	35717	59
47912	9396005	5311672	59	0
211	35717	59
47913	9396004	5311673	111	0
211	35718	59
47914	9396000	5311673	194	0
211	35723	54
47915	9395995	5311673	188	0
211	35719	58
47916	9395990	5311673	103	0
211	35726	52
47917	9395987	5311674	88	0
211	35727	51
47918	9395978	5311674	200	0
211	35724	54
47919	9395968	5311674	203	0
211	35730	49
47920	9395962	5311675	155	0
211	35717	59
47921	9395958	5311675	18	0
211	35718	59
47922	9395958	5311674	168	0
211	35719	58
47923	9395948	5311673	442	0
211	35714	62
47924	9395935	5311673	300	0
211	35713	63
47925	9395930	5311673	27	0
211	35709	66
47926	9395931	5311673	159	0
211	35715	61
47927	9395937	5311673	64	0
211	35715	61
47928	9395938	5311673	77	0
211	35716	60
47929	9395944	5311673	122	0
211	35717	59
47930	9395951	5311673	70	0
211	35718	59
47931	9395951	5311673	59	0
211	35725	53
47932	9395953	5311673	59	0
211	35727	51
47933	9395953	5311673	135	0
211	35714	62
47934	9395948	5311674	418	0
211	35730	49
47935	9395928	5311675	735	0
210	35726	52
47936	9395910	5311677	1046	0
211	35731	48
47937	9395870	5311678	1124	0
211	35736	44
47938	9395837	5311680	1131	0
211	35735	44
47939	9395817	5311683	1118	0
211	35735	44
47940	9395785	5311683	1033	0
210	35724	54
47941	9395755	5311683	974	0
210	35731	48
47942	9395728	5311685	1018	0
210	35724	54
47943	9395701	5311687	938	0
210	35726	52
47944	9395685	5311689	898	0
210	35728	50
47945	9395685	5311691	885	0
210	35733	46
47946	9395700	5311693	772	0
210	35736	44
47947	9395710	5311696	1120	0
210	35731	48
47948	9395703	5311698	1187	0
210	35731	48
47949	9395694	5311701	1083	0
210	35731	48
47950	9395667	5311704	1413	0
210	35713	63
47951	9395618	5311706	1801	0
210	35731	48
47952	9395547	5311709	2333	0
210	35717	59
47953	9395463	5311712	2335	0
210	35722	55
47954	9395377	5311715	2335	0
210	35714	62
47955	9395285	5311718	2472	0
210	35718	59
47956	9395191	5311721	2470	0
210	35716	60
47957	9395102	5311724	2283	0
210	35721	56
47958	9395032	5311726	1674	0
210	35722	55
47959	9394997	5311727	438	0
210	35718	59
47960	9394977	5311727	387	0
210	35724	54
47961	9394967	5311727	16	0
210	35716	60
47962	9394965	5311726	7	0
210	35714	62
47963	9394965	5311726	7	0
210	35714	62
47964	9394965	5311727	9	0
210	35713	63
47965	9394967	5311727	7	0
210	35715	61
47966	9394968	5311727	5	0
210	35714	62
47967	9394968	5311727	0	0
210	35710	65
47968	9394968	5311727	0	0
210	35708	67
47969	9394961	5311727	44	0
210	35711	64
47970	9394928	5311729	883	0
210	35707	68
47971	9394885	5311732	1613	0
210	35708	67
47972	9394818	5311737	1920	0
210	35706	69
47973	9394743	5311741	2266	0
210	35712	64
47974	9394651	5311744	2403	0
210	35710	65
47975	9394555	5311744	2109	0
210	35711	64
47976	9394473	5311741	1757	0
210	35702	72
47977	9394413	5311738	1890	0
210	35708	67
47978	9394393	5311730	2687	0
210	35700	74
47979	9394406	5311723	2698	0
210	35700	74
47980	9394442	5311716	2739	0
210	35701	73
47981	9394480	5311709	3096	0
209	35698	75
47982	9394502	5311701	3398	0
209	35696	77
47983	9394511	5311691	3822	0
210	35705	69
47984	9394502	5311681	4026	0
210	35704	70
47985	9394486	5311671	4154	0
209	35693	79
47986	9394457	5311660	4413	0
209	35687	84
47987	9394422	5311648	4880	0
209	35685	86
47988	9394383	5311636	5281	0
209	35685	86
47989	9394339	5311622	5635	0
209	35674	95
47990	9394288	5311607	5898	0
209	35666	102
47991	9394230	5311592	6339	0
209	35663	104
47992	9394168	5311577	6541	0
209	35647	118
47993	9394105	5311561	6528	0
209	35641	123
47994	9394036	5311545	6704	0
209	35630	132
47995	9393970	5311529	6783	0
209	35626	135
47996	9393907	5311513	6830	0
209	35623	138
47997	9393842	5311496	6689	0
209	35609	149
47998	9393779	5311480	6744	0
209	35610	149
47999	9393712	5311464	6739	0
209	35613	146
48000	9393643	5311448	6454	0
209	35604	154
48001	9393577	5311432	6280	0
209	35609	149
48002	9393517	5311418	6078	0
209	35601	156
48003	9393465	5311403	5861	0
209	35608	150
48004	9393435	5311388	5759	0
209	35607	151
48005	9393432	5311374	5680	0
209	35596	160
48006	9393452	5311361	5268	0
209	35593	163
48007	9393494	5311348	5268	0
209	35590	165
48008	9393545	5311335	5467	0
209	35592	164
48009	9393600	5311322	5459	0
209	35601	156
48010	9393653	5311308	5446	0
209	35599	158
48011	9393703	5311295	5509	0
209	35605	153
48012	9393752	5311282	5550	0
209	35608	150
48013	9393791	5311268	5557	0
209	35613	146
48014	9393820	5311254	5481	0
209	35614	145
48015	9393835	5311241	5524	0
209	35630	132
48016	9393837	5311227	5367	0
209	35630	132
48017	9393826	5311213	5826	0
209	35642	122
48018	9393813	5311198	5618	0
209	35639	124
48019	9393799	5311184	5517	0
209	35632	130
48020	9393784	5311170	5385	0
209	35639	124
48021	9393770	5311157	5252	0
209	35650	115
48022	9393753	5311144	5067	0
209	35652	114
48023	9393730	5311131	5089	0
209	35661	106
48024	9393706	5311118	5037	0
209	35663	104
48025	9393692	5311105	5002	0
209	35662	105
48026	9393690	5311092	4991	0
209	35657	109
48027	9393712	5311079	5270	0
209	35670	99
48028	9393757	5311066	5130	0
209	35675	94
48029	9393824	5311054	5026	0
209	35678	92
48030	9393910	5311043	5039	0
209	35676	94
48031	9394010	5311031	4976	0
209	35675	94
48032	9394123	5311021	5005	0
209	35688	84
48033	9394248	5311011	4955	0
209	35688	84
48034	9394388	5311002	5044	0
209	35686	85
48035	9394544	5310993	5048	0
209	35680	90
48036	9394707	5310986	5130	0
209	35692	80
48037	9394872	5310980	4783	0
209	35694	79
48038	9395028	5310973	4218	0
209	35692	80
48039	9395157	5310969	3513	0
209	35706	69
48040	9395257	5310964	2737	0
209	35694	79
48041	9395340	5310961	2231	0
209	35696	77
48042	9395409	5310957	1870	0
209	35697	76
48043	9395463	5310955	1566	0
209	35696	77
48044	9395510	5310953	1568	0
209	35691	81
48045	9395556	5310952	1516	0
209	35701	73
48046	9395592	5310951	1216	0
209	35697	76
48047	9395621	5310949	901	0
209	35698	75
48048	9395635	5310948	561	0
209	35696	77
48049	9395638	5310948	16	0
209	35694	79
48050	9395635	5310948	9	0
209	35695	78
48051	9395635	5310948	3	0
209	35695	78
48052	9395634	5310948	9	0
209	35691	81
48053	9395634	5310948	14	0
209	35695	78
48054	9395632	5310948	24	0
209	35694	79
48055	9395628	5310949	22	0
209	35691	81
48056	9395627	5310949	16	0
209	35697	76
48057	9395630	5310949	29	0
209	35704	70
48058	9395641	5310949	62	0
209	35700	74
48059	9395688	5310946	1698	0
209	35695	78
48060	9395753	5310942	2218	0
209	35700	74
48061	9395819	5310937	2400	0
209	35691	81
48062	9395884	5310932	2677	0
209	35693	79
48063	9395948	5310924	3253	0
209	35700	74
48064	9396000	5310916	3248	0
209	35691	81
48065	9396044	5310907	3537	0
209	35686	85
48066	9396083	5310898	3863	0
209	35688	84
48067	9396132	5310887	4137	0
209	35702	72
48068	9396190	5310877	4204	0
209	35698	75
48069	9396263	5310866	4381	0
209	35697	76
48070	9396347	5310855	4522	0
209	35694	79
48071	9396441	5310844	4507	0
209	35707	68
48072	9396526	5310834	4467	0
209	35708	67
48073	9396615	5310824	4285	0
209	35700	74
48074	9396704	5310814	4344	0
209	35697	76
48075	9396790	5310804	4285	0
209	35712	64
48076	9396870	5310795	4231	0
209	35709	66
48077	9396942	5310785	4139	0
209	35698	75
48078	9397015	5310776	4050	0
209	35698	75
48079	9397094	5310767	4096	0
209	35714	62
48080	9397165	5310758	3787	0
209	35711	64
48081	9397233	5310749	3507	0
209	35700	74
48082	9397293	5310742	2987	0
209	35699	74
48083	9397345	5310735	2739	0
209	35709	66
48084	9397398	5310728	2644	0
209	35700	74
48085	9397437	5310722	2794	0
209	35702	72
48086	9397478	5310714	3024	0
209	35702	72
48087	9397518	5310707	3139	0
209	35706	69
48088	9397555	5310699	3350	0
209	35709	66
48089	9397587	5310690	3459	0
209	35704	70
48090	9397616	5310682	3379	0
209	35699	74
48091	9397638	5310673	3374	0
209	35702	72
48092	9397656	5310665	3324	0
209	35701	73
48093	9397670	5310657	3226	0
209	35701	73
48094	9397680	5310648	3163	0
209	35691	81
48095	9397694	5310640	3207	0
209	35699	74
48096	9397703	5310632	3403	0
209	35705	69
48097	9397701	5310624	3407	0
209	35691	81
48098	9397678	5310615	3611	0
209	35687	84
48099	9397652	5310606	3552	0
209	35699	74
48100	9397623	5310597	3716	0
209	35691	81
48101	9397592	5310587	3852	0
209	35690	82
48102	9397555	5310578	3857	0
209	35689	83
48103	9397515	5310568	3905	0
209	35691	81
48104	9397476	5310558	4044	0
209	35703	71
48105	9397438	5310547	4142	0
209	35691	81
48106	9397400	5310537	4139	0
209	35703	71
48107	9397365	5310527	4144	0
209	35703	71
48108	9397325	5310516	4241	0
209	35708	67
48109	9397290	5310506	4013	0
209	35704	70
48110	9397257	5310496	4048	0
209	35707	68
48111	9397232	5310486	3941	0
209	35706	69
48112	9397217	5310476	3770	0
209	35702	72
48113	9397203	5310467	3607	0
209	35698	75
48114	9397192	5310458	3528	0
209	35702	72
48115	9397182	5310449	3583	0
209	35704	70
48116	9397179	5310439	3674	0
209	35703	71
48117	9397177	5310430	3907	0
209	35707	68
48118	9397173	5310420	3983	0
209	35706	69
48119	9397170	5310410	3778	0
209	35707	68
48120	9397160	5310401	3542	0
209	35705	69
48121	9397145	5310392	3422	0
209	35708	67
48122	9397119	5310385	2968	0
209	35704	70
48123	9397097	5310378	2687	0
209	35704	70
48124	9397074	5310372	2468	0
209	35704	70
48125	9397043	5310366	2457	0
209	35701	73
48126	9397008	5310359	2727	0
209	35700	74
48127	9396968	5310352	2829	0
209	35696	77
48128	9396892	5310346	3179	0
209	35693	79
48129	9396796	5310338	3324	0
209	35693	79
48130	9396687	5310333	3426	0
209	35703	71
48131	9396562	5310328	3600	0
209	35692	80
48132	9396419	5310324	3942	0
209	35686	85
48133	9396267	5310320	3952	0
209	35688	84
48134	9396113	5310316	3983	0
209	35687	84
48135	9395955	5310312	4066	0
209	35686	85
48136	9395793	5310307	4139	0
209	35695	78
48137	9395632	5310303	4191	0
209	35689	83
48138	9395470	5310299	4242	0
209	35688	84
48139	9395313	5310294	4152	0
209	35691	81
48140	9395164	5310290	3950	0
209	35685	86
48141	9395023	5310285	3603	0
209	35693	79
48142	9394900	5310281	3331	0
209	35697	76
48143	9394790	5310278	2948	0
209	35706	69
48144	9394691	5310274	2627	0
209	35712	64
48145	9394624	5310271	2013	0
209	35701	73
48146	9394584	5310268	1733	0
209	35699	74
48147	9394585	5310264	1587	0
209	35705	69
48148	9394598	5310261	1540	0
209	35703	71
48149	9394620	5310257	1553	0
209	35699	74
48150	9394650	5310253	1700	0
209	35699	74
48151	9394680	5310249	1785	0
209	35695	78
48152	9394709	5310246	1707	0
209	35700	74
48153	9394740	5310243	1544	0
209	35690	82
48154	9394787	5310240	1592	0
209	35695	78
48155	9394850	5310239	1583	0
209	35691	81
48156	9394920	5310238	1507	0
209	35690	82
48157	9394990	5310240	1601	0
209	35689	83
48158	9395063	5310240	1674	0
209	35688	84
48159	9395140	5310241	1709	0
209	35687	84
48160	9395206	5310243	1598	0
209	35692	80
48161	9395253	5310244	1385	0
209	35695	78
48162	9395282	5310245	1150	0
209	35692	80
48163	9395290	5310248	1151	0
209	35695	78
48164	9395288	5310251	1281	0
208	35698	75
48165	9395278	5310255	1401	0
208	35698	75
48166	9395260	5310259	1207	0
208	35697	76
48167	9395228	5310262	1409	0
208	35698	75
48168	9395186	5310265	1309	0
208	35699	74
48169	9395152	5310265	613	0
208	35699	74
48170	9395130	5310265	450	0
208	35699	74
48171	9395130	5310265	24	0
208	35697	76
48172	9395132	5310264	35	0
208	35692	80
48173	9395137	5310264	33	0
208	35689	83
48174	9395137	5310262	38	0
208	35702	72
48175	9395133	5310261	46	0
208	35702	72
48176	9395144	5310262	14	0
208	35697	76
48177	9395150	5310264	20	0
208	35694	79
48178	9395157	5310264	14	0
208	35692	80
48179	9395160	5310264	7	0
208	35693	79
48180	9395159	5310265	22	0
208	35694	79
