#Zeit [s]	longitude [1e6]	Latitude [1e5]	GPSSpeed [1e2 km/h] 	Tacho [1e2 km/h] 	Temperatur [10 C] 	Druck [Pa] 	HoeheSee [10 m]
193	34103	1413
193	34111	1406
193	34093	1421
193	34110	1407
193	34103	1413
193	35253	447
193	35254	446
193	35255	445
193	35256	444
193	35247	452
193	35252	448
193	35243	455
193	35248	451
193	35244	454
193	35249	450
193	35249	450
193	35252	448
193	35252	448
193	35246	453
193	35254	446
193	35255	445
193	35245	453
193	35257	443
193	35249	450
193	35251	448
193	35252	448
193	35245	453
193	35236	461
193	35236	461
193	35248	451
193	35244	454
193	35232	464
193	35231	465
193	35229	467
193	35230	466
193	35236	461
193	35240	458
193	35244	454
193	35243	455
192	35233	463
193	35244	454
193	35242	456
193	35234	463
192	35226	469
192	35222	473
192	35228	468
192	35226	469
192	35226	469
193	35225	470
192	35217	477
192	35210	483
192	35209	484
192	35208	484
192	35204	488
192	35205	487
192	34058	1451
192	35202	489
192	35202	489
192	35201	490
192	35203	489
192	35202	489
192	35200	491
192	35200	491
192	34054	1454
192	34056	1452
192	34059	1450
192	34057	1452
192	35201	490
192	34054	1454
192	34059	1450
192	35203	489
192	35203	489
192	35204	488
192	35202	489
192	35197	494
192	35200	491
192	34058	1451
192	35207	485
192	34058	1451
192	35199	492
192	35203	489
192	34057	1452
192	35205	487
192	35201	490
192	34059	1450
192	34057	1452
192	35209	484
192	35201	490
192	35201	490
192	35201	490
192	34057	1452
192	34054	1454
192	34055	1453
192	35202	489
192	35202	489
192	35201	490
192	34058	1451
192	34053	1455
193	34065	1445
192	34049	1458
193	34059	1450
192	34053	1455
193	34053	1455
193	34064	1446
193	34054	1454
193	34064	1446
193	34055	1453
193	34047	1460
193	34051	1457
193	34055	1453
193	34042	1464
193	34041	1465
193	34043	1463
193	34048	1459
193	34047	1460
193	34045	1462
193	34051	1457
193	34030	1474
193	34029	1475
193	34038	1468
193	34025	1479
193	34033	1472
193	34040	1466
193	34045	1462
193	34038	1468
193	34034	1471
193	34034	1471
193	34025	1479
193	34032	1473
193	34026	1478
193	34036	1469
193	34036	1469
193	34041	1465
193	34033	1472
193	34024	1479
193	34032	1473
193	34033	1472
193	34024	1479
193	34031	1474
193	34018	1484
193	34026	1478
193	34026	1478
193	34017	1485
193	34014	1488
193	34024	1479
193	34032	1473
193	34020	1483
193	34031	1474
193	34025	1479
193	34027	1477
193	34028	1476
193	34030	1474
193	34024	1479
193	34026	1478
193	34028	1476
193	34023	1480
193	34018	1484
193	34019	1484
193	34024	1479
193	34020	1483
193	34019	1484
193	34007	1494
193	34011	1490
193	34008	1493
193	34021	1482
193	34022	1481
193	34015	1487
193	34019	1484
193	34015	1487
193	34015	1487
193	34025	1479
193	34025	1479
193	34007	1494
193	34017	1485
193	34012	1490
193	34002	1498
194	34012	1490
193	34011	1490
194	34018	1484
194	34011	1490
194	34004	1496
194	34015	1487
194	33997	1502
194	34016	1486
194	34006	1495
194	34011	1490
194	34006	1495
194	34002	1498
194	34005	1495
194	34002	1498
194	34007	1494
194	34006	1495
194	34009	1492
194	33996	1503
194	34000	1500
194	34002	1498
194	33992	1506
194	33999	1501
194	34006	1495
194	33998	1501
194	34007	1494
194	34001	1499
194	34003	1497
194	34005	1495
194	34017	1485
194	34015	1487
194	34010	1491
194	34021	1482
194	34001	1499
194	34007	1494
194	34010	1491
194	34011	1490
194	34005	1495
194	34006	1495
194	34001	1499
194	33999	1501
194	34009	1492
194	34006	1495
194	33999	1501
194	34001	1499
194	34005	1495
194	33999	1501
194	34001	1499
194	33997	1502
194	33995	1504
194	34000	1500
194	34004	1496
194	34006	1495
194	34011	1490
194	34003	1497
194	34007	1494
194	34007	1494
194	34012	1490
194	34025	1479
194	34005	1495
195	34018	1484
195	34018	1484
194	34020	1483
195	34027	1477
194	34031	1474
194	34031	1474
195	34030	1474
195	34043	1463
195	34036	1469
195	34042	1464
195	34042	1464
195	34044	1463
195	34058	1451
195	34049	1458
195	34051	1457
195	34052	1456
195	34051	1457
195	34050	1457
195	34056	1452
195	34050	1457
195	34045	1462
195	34057	1452
195	34054	1454
195	34056	1452
195	34052	1456
195	34055	1453
195	34052	1456
195	34058	1451
195	34061	1448
195	34046	1461
195	34039	1467
195	34035	1470
195	34043	1463
195	34039	1467
195	34044	1463
195	34040	1466
195	34047	1460
195	34045	1462
195	34033	1472
195	34040	1466
195	34044	1463
195	34043	1463
195	34042	1464
195	34037	1468
195	34028	1476
195	34029	1475
195	34032	1473
195	34025	1479
195	34026	1478
195	34020	1483
195	34037	1468
195	34039	1467
195	34029	1475
195	34037	1468
195	34032	1473
195	34036	1469
195	34029	1475
195	34026	1478
195	34019	1484
195	34029	1475
195	34023	1480
195	34023	1480
195	34025	1479
195	34017	1485
195	34023	1480
195	34011	1490
195	34015	1487
195	34024	1479
195	34021	1482
195	34021	1482
195	34022	1481
195	34015	1487
195	34024	1479
195	34019	1484
195	34023	1480
195	34017	1485
195	34025	1479
195	34025	1479
195	34031	1474
195	34026	1478
195	34034	1471
195	34036	1469
195	34040	1466
195	34032	1473
195	34044	1463
195	34052	1456
195	34045	1462
195	34047	1460
195	34050	1457
195	34050	1457
195	34044	1463
195	34052	1456
195	34053	1455
195	34050	1457
195	34043	1463
196	34057	1452
196	34053	1455
196	34054	1454
195	34048	1459
195	34040	1466
195	34037	1468
195	34045	1462
195	34037	1468
196	34040	1466
196	34043	1463
196	34041	1465
196	34043	1463
196	34033	1472
196	34037	1468
196	34039	1467
196	34035	1470
196	34028	1476
196	34029	1475
196	34019	1484
196	34018	1484
196	34012	1490
196	34014	1488
196	34010	1491
196	34011	1490
196	34019	1484
196	34011	1490
196	34013	1489
196	34018	1484
196	34011	1490
196	34012	1490
196	34016	1486
196	34010	1491
196	34018	1484
196	34015	1487
196	34013	1489
196	34020	1483
196	34033	1472
196	34021	1482
196	34029	1475
196	34037	1468
196	34028	1476
196	34033	1472
196	34032	1473
196	34034	1471
196	34029	1475
196	34034	1471
196	34038	1468
196	34040	1466
196	34043	1463
196	34042	1464
196	34034	1471
196	34036	1469
196	34039	1467
196	34037	1468
196	34034	1471
196	34026	1478
196	34040	1466
196	34026	1478
196	34023	1480
196	34026	1478
196	34031	1474
196	34037	1468
196	34039	1467
196	34034	1471
196	34039	1467
196	34033	1472
196	34032	1473
196	34030	1474
196	34027	1477
196	34032	1473
196	34026	1478
196	34032	1473
196	34035	1470
196	34028	1476
196	34018	1484
196	34029	1475
196	34036	1469
196	34039	1467
196	34035	1470
196	34030	1474
196	34032	1473
196	34031	1474
196	34042	1464
196	34032	1473
196	34039	1467
196	34032	1473
196	34035	1470
196	34031	1474
196	34030	1474
196	34022	1481
196	34020	1483
196	34024	1479
196	34025	1479
196	34023	1480
196	34017	1485
196	34026	1478
196	34022	1481
196	34014	1488
196	34024	1479
196	34024	1479
196	34016	1486
196	34024	1479
196	34026	1478
196	34025	1479
196	34027	1477
196	34021	1482
196	34017	1485
196	34020	1483
196	34014	1488
196	34015	1487
196	34013	1489
196	34016	1486
196	34023	1480
196	34023	1480
196	34019	1484
196	34030	1474
196	34017	1485
196	34015	1487
196	34019	1484
196	34015	1487
196	34012	1490
196	34018	1484
196	34016	1486
196	34011	1490
196	34012	1490
196	34015	1487
196	34018	1484
196	34015	1487
196	34026	1478
196	34017	1485
196	34016	1486
196	34013	1489
196	34008	1493
196	34007	1494
196	34005	1495
196	34017	1485
196	34014	1488
196	34029	1475
196	34022	1481
196	34026	1478
196	34030	1474
196	34030	1474
196	34023	1480
196	34030	1474
196	34031	1474
196	34035	1470
196	34032	1473
196	34031	1474
196	34033	1472
196	34042	1464
196	34029	1475
196	34029	1475
196	34033	1472
196	34030	1474
196	34026	1478
196	34035	1470
196	34045	1462
196	34031	1474
196	34038	1468
196	34029	1475
196	34031	1474
196	34022	1481
196	34028	1476
196	34040	1466
196	34022	1481
196	34032	1473
196	34030	1474
196	34030	1474
196	34040	1466
196	34031	1474
196	34034	1471
196	34034	1471
196	34034	1471
196	34032	1473
196	34037	1468
196	34028	1476
196	34027	1477
196	34026	1478
196	34021	1482
196	34026	1478
196	34016	1486
196	34022	1481
196	34018	1484
196	34021	1482
196	34027	1477
196	34019	1484
196	34024	1479
196	34016	1486
196	34017	1485
196	34019	1484
196	34011	1490
196	34009	1492
196	34018	1484
196	34015	1487
196	34007	1494
196	34005	1495
196	33997	1502
196	33993	1506
196	34003	1497
196	33992	1506
196	34006	1495
196	34004	1496
196	33987	1511
196	33989	1509
196	33991	1507
196	33994	1505
196	33997	1502
196	33992	1506
196	33994	1505
196	33999	1501
196	33996	1503
196	33986	1512
196	33997	1502
196	33979	1517
196	33984	1513
196	33978	1518
196	33985	1512
196	33837	1637
196	33832	1642
196	33824	1648
196	33834	1640
196	33821	1651
196	33820	1652
196	33814	1657
196	33811	1659
196	33815	1656
196	33804	1665
196	33809	1661
196	33809	1661
196	33798	1670
196	33795	1673
196	33798	1670
196	33790	1677
196	33792	1676
196	33802	1667
196	33788	1679
196	33793	1675
196	33797	1671
196	33791	1676
196	33791	1676
196	33791	1676
196	33787	1680
196	33785	1681
196	33793	1675
196	33783	1683
196	33788	1679
195	33785	1681
196	33800	1669
196	33799	1670
196	33801	1668
196	33803	1666
196	33814	1657
196	33802	1667
196	33804	1665
196	33800	1669
195	33795	1673
196	33795	1673
195	33786	1681
196	33802	1667
196	33808	1662
196	33811	1659
196	33806	1664
195	33798	1670
195	33799	1670
196	33805	1665
195	33793	1675
195	33802	1667
195	33795	1673
196	33801	1668
195	33791	1676
195	33790	1677
195	33786	1681
195	33784	1682
195	33788	1679
195	33787	1680
195	33778	1687
195	33780	1686
195	33780	1686
195	33774	1691
195	33776	1689
195	33772	1692
195	33759	1703
195	33758	1704
195	33756	1706
195	33754	1708
195	33744	1716
195	33745	1715
195	33747	1714
195	33739	1720
195	33729	1729
195	33733	1725
195	33725	1732
195	33733	1725
195	33736	1723
195	34865	772
195	34859	777
195	34858	778
195	34852	783
195	34840	793
195	34849	785
195	34839	793
195	34842	791
195	34850	784
195	34844	789
195	34840	793
195	34833	798
195	34826	804
195	34817	812
195	34828	803
195	34820	809
195	34820	809
195	34822	808
195	34813	815
195	34816	813
195	34810	818
195	34802	824
195	34807	820
195	34800	826
195	34801	825
195	34805	822
195	34795	830
195	34794	831
195	34792	833
195	34796	830
195	34794	831
195	34797	829
195	34791	834
195	34800	826
195	34795	830
195	34792	833
195	34790	835
195	34793	832
195	34787	837
195	34786	838
195	34793	832
195	34792	833
195	34793	832
195	34792	833
195	34791	834
195	34797	829
195	34803	824
195	34807	820
195	34808	819
195	34810	818
195	34812	816
195	34821	809
195	34823	807
195	34824	806
195	34819	810
195	34828	803
195	34831	800
195	34833	798
195	34834	798
195	34830	801
195	34842	791
195	34842	791
195	34842	791
195	34840	793
195	34837	795
195	34857	778
195	33710	1745
195	33719	1737
195	33722	1735
195	33707	1747
195	33713	1742
195	33725	1732
195	33725	1732
195	33730	1728
195	33736	1723
195	33734	1725
195	33722	1735
195	33730	1728
195	33734	1725
195	33730	1728
195	33734	1725
195	33736	1723
195	33739	1720
195	33735	1724
195	33739	1720
195	33747	1714
195	33740	1720
195	33751	1710
195	33744	1716
195	33749	1712
195	33750	1711
195	33756	1706
195	33760	1703
195	33759	1703
195	33764	1699
195	33760	1703
195	33767	1697
195	33772	1692
195	33774	1691
195	33782	1684
195	33777	1688
195	33786	1681
195	33787	1680
195	33785	1681
195	33779	1687
195	33789	1678
195	33790	1677
195	33787	1680
195	33779	1687
195	33783	1683
195	33778	1687
195	33781	1685
195	33785	1681
195	33784	1682
195	33785	1681
195	33789	1678
195	33788	1679
195	33792	1676
195	33791	1676
195	33783	1683
195	33787	1680
195	33789	1678
195	33792	1676
195	33783	1683
195	33783	1683
195	33789	1678
195	33777	1688
195	33772	1692
195	33773	1692
195	33763	1700
195	33762	1701
195	33761	1702
195	33762	1701
195	33747	1714
195	33748	1713
195	33749	1712
195	33732	1726
195	33723	1734
195	33716	1740
195	33707	1747
195	33710	1745
195	33712	1743
195	34840	793
195	34847	787
195	34834	798
195	34830	801
195	34820	809
195	34824	806
195	34825	805
195	34830	801
195	34827	804
195	34821	809
195	34821	809
195	34822	808
195	34820	809
195	34814	814
195	34798	828
195	34802	824
195	34811	817
195	34801	825
195	34793	832
195	34792	833
195	34780	843
195	34774	848
195	34780	843
195	34773	849
195	34623	975
195	34618	979
195	34619	978
195	34618	979
195	34610	986
195	34607	988
195	34603	992
195	34606	989
195	34595	998
195	34602	992
195	34601	993
195	34606	989
195	34596	998
195	34587	1005
195	34596	998
195	34591	1002
195	34590	1003
195	34579	1012
195	34587	1005
195	34583	1008
195	34580	1011
195	34586	1006
195	34591	1002
195	34585	1007
195	34587	1005
195	34592	1001
195	34580	1011
195	34581	1010
195	34584	1008
195	34583	1008
195	34584	1008
195	34589	1003
195	34590	1003
195	34587	1005
195	34588	1004
195	34592	1001
195	34587	1005
195	34590	1003
195	34590	1003
195	34591	1002
195	34593	1000
195	34594	999
195	34596	998
195	34598	996
195	34603	992
195	34594	999
195	34599	995
195	34595	998
195	34606	989
195	34610	986
195	34614	982
195	34607	988
195	34603	992
195	34609	987
195	34622	976
195	34616	981
195	34617	980
195	34619	978
195	34619	978
195	34616	981
195	34624	974
195	34620	977
195	34624	974
194	34611	985
195	34622	976
194	34616	981
195	34775	847
195	34776	846
195	34770	851
194	34620	977
194	34769	852
194	34620	977
194	34620	977
194	34616	981
194	34610	986
194	34620	977
194	34613	983
194	34612	984
195	34615	982
194	34604	991
194	34596	998
194	34594	999
194	34600	994
194	34588	1004
194	34591	1002
194	34583	1008
194	34583	1008
194	34577	1013
194	34574	1016
194	34566	1023
194	34562	1026
194	34552	1035
194	34567	1022
194	34550	1036
194	34562	1026
194	34552	1035
194	34553	1034
194	34565	1024
194	34579	1012
194	34584	1008
194	34579	1012
194	34579	1012
194	34593	1000
194	34598	996
194	34591	1002
194	34599	995
194	34598	996
194	34608	987
194	34594	999
194	34600	994
194	34606	989
194	34600	994
194	34612	984
194	34619	978
194	34625	973
194	34618	979
194	34621	977
194	34622	976
194	34617	980
194	34622	976
194	34624	974
194	34621	977
194	34618	979
194	34616	981
194	34621	977
194	34771	851
194	34622	976
194	34776	846
194	34778	845
194	34778	845
194	34778	845
194	34773	849
194	34792	833
194	34785	839
194	34779	844
194	34788	836
194	34780	843
194	34625	973
194	34626	972
194	34777	845
194	34775	847
194	34773	849
194	34775	847
194	34775	847
194	34777	845
194	34778	845
194	34773	849
194	34769	852
194	34777	845
194	34778	845
194	34777	845
194	34777	845
194	34782	841
194	34778	845
194	34787	837
194	34779	844
194	34781	842
194	34784	840
194	34780	843
194	34785	839
194	34788	836
194	34785	839
194	34785	839
194	34782	841
194	34784	840
194	34781	842
194	34784	840
194	34787	837
194	33655	1792
194	33651	1795
194	33648	1797
194	33650	1796
194	33651	1795
194	34786	838
194	34786	838
194	34785	839
194	34780	843
194	34783	840
194	34783	840
194	34783	840
194	34774	848
194	34774	848
194	34622	976
194	34771	851
194	34619	978
194	34772	850
194	34769	852
194	34624	974
194	34618	979
194	34620	977
194	34619	978
194	34619	978
194	34619	978
194	34608	987
194	34620	977
194	34614	982
194	34615	982
194	34610	986
194	34612	984
194	34606	989
194	34607	988
194	34612	984
194	34606	989
194	34612	984
194	34604	991
194	34599	995
194	34591	1002
194	34606	989
194	34598	996
194	34595	998
194	34593	1000
194	34594	999
194	34595	998
194	34591	1002
194	34591	1002
194	34588	1004
194	34597	997
194	34597	997
194	34586	1006
194	34583	1008
194	34594	999
194	34602	992
194	34589	1003
194	34586	1006
194	34587	1005
194	34575	1015
194	34572	1018
194	34566	1023
193	34552	1035
193	34559	1029
194	34562	1026
194	34556	1031
193	34548	1038
193	34542	1043
194	34544	1041
194	34547	1039
194	34533	1050
193	34528	1055
194	34523	1059
193	34517	1064
193	34512	1068
193	34510	1070
194	34514	1066
193	34507	1072
193	34505	1074
193	34491	1086
193	34498	1080
193	34491	1086
193	34490	1087
193	34484	1092
193	34484	1092
193	34474	1100
193	34475	1099
193	34467	1106
193	34468	1105
193	34464	1109
193	34460	1112
193	34474	1100
193	34486	1090
193	34484	1092
193	34449	1121
193	34484	1092
193	34489	1087
193	34483	1093
193	34488	1088
193	34490	1087
193	34508	1071
193	34503	1076
193	34500	1078
193	34509	1071
193	34507	1072
193	34496	1082
193	34499	1079
193	34509	1071
193	34496	1082
193	34484	1092
193	34484	1092
193	34470	1103
193	34459	1113
193	34447	1123
193	34447	1123
193	34441	1128
193	34445	1125
193	34440	1129
193	34458	1114
193	34452	1119
193	34459	1113
193	34450	1120
193	34467	1106
193	34459	1113
193	34475	1099
193	34476	1098
193	34465	1108
193	34476	1098
193	34466	1107
193	34479	1096
193	34465	1108
193	34461	1111
193	34472	1102
193	34471	1103
193	34478	1097
193	34478	1097
193	34476	1098
193	34483	1093
193	34484	1092
193	34481	1094
193	34479	1096
193	34493	1084
193	34483	1093
193	34492	1085
193	34508	1071
193	34505	1074
193	34518	1063
193	34524	1058
193	34523	1059
193	34539	1045
193	34545	1040
193	34548	1038
193	34557	1030
193	34562	1026
193	34569	1020
193	34570	1019
193	34576	1014
193	34574	1016
193	34576	1014
193	34576	1014
193	34582	1009
193	34590	1003
193	34585	1007
193	34587	1005
193	34589	1003
193	34601	993
193	34580	1011
193	34593	1000
193	34596	998
193	34592	1001
193	33598	1840
193	34592	1001
193	33597	1841
193	34595	998
193	34587	1005
193	34589	1003
193	34577	1013
193	34573	1017
193	34564	1024
193	34553	1034
193	34540	1045
193	34546	1040
193	34528	1055
193	34522	1060
193	34511	1069
193	34508	1071
193	34506	1073
193	34492	1085
193	34498	1080
193	34488	1088
193	34492	1085
193	34482	1093
193	34481	1094
193	34479	1096
193	34475	1099
193	34471	1103
193	34475	1099
193	34475	1099
193	34462	1110
193	34479	1096
193	34469	1104
193	34468	1105
193	34475	1099
193	34475	1099
193	34469	1104
193	34464	1109
193	34475	1099
193	34462	1110
193	34466	1107
193	34449	1121
193	34452	1119
193	34452	1119
193	34462	1110
193	34468	1105
193	34465	1108
193	34471	1103
193	34471	1103
193	34474	1100
193	34481	1094
193	34478	1097
193	34488	1088
193	34483	1093
193	34489	1087
193	34498	1080
193	34492	1085
193	34504	1075
193	34494	1083
193	34496	1082
193	34503	1076
193	34507	1072
193	34510	1070
193	34512	1068
193	34514	1066
193	34519	1062
193	34526	1056
193	34525	1057
193	34526	1056
193	34525	1057
193	34525	1057
193	34524	1058
193	34513	1067
193	34512	1068
193	34509	1071
193	34506	1073
193	34501	1077
193	34505	1074
193	34507	1072
193	34495	1082
193	34493	1084
193	34498	1080
193	34487	1089
193	34481	1094
193	34468	1105
193	34466	1107
193	34482	1093
193	34466	1107
193	34470	1103
193	34480	1095
193	34463	1109
193	34469	1104
193	34459	1113
193	34470	1103
193	34456	1115
193	34470	1103
193	34465	1108
193	34463	1109
193	34464	1109
193	34470	1103
193	34456	1115
193	34459	1113
193	34459	1113
193	34454	1117
193	34466	1107
193	34472	1102
193	34472	1102
193	34476	1098
193	34469	1104
193	34469	1104
193	34478	1097
193	34469	1104
193	34478	1097
193	34485	1091
193	34481	1094
193	34483	1093
193	34483	1093
193	34493	1084
193	34494	1083
193	34493	1084
193	34495	1082
193	34496	1082
193	34498	1080
193	34499	1079
193	34498	1080
193	34500	1078
193	34502	1077
193	34493	1084
193	34502	1077
193	34502	1077
193	34497	1081
193	34505	1074
193	34503	1076
193	34503	1076
193	34507	1072
193	34512	1068
193	34513	1067
192	34503	1076
193	34511	1069
193	34512	1068
193	34510	1070
193	34506	1073
193	34513	1067
192	34504	1075
193	34504	1075
192	34486	1090
192	34477	1098
193	34476	1098
192	34465	1108
192	34457	1114
193	34455	1116
192	34451	1119
192	34452	1119
192	34454	1117
193	34460	1112
192	34453	1118
193	34463	1109
192	34461	1111
192	34460	1112
192	34465	1108
192	34468	1105
193	34491	1086
192	34475	1099
193	34492	1085
193	34490	1087
192	34491	1086
192	34490	1087
193	34496	1082
193	34495	1082
192	34485	1091
192	34475	1099
192	34475	1099
192	34470	1103
192	34470	1103
192	34466	1107
192	34462	1110
192	34455	1116
192	34451	1119
192	34449	1121
192	34452	1119
192	34452	1119
192	34459	1113
192	34451	1119
192	34460	1112
192	34461	1111
192	34462	1110
192	34462	1110
192	34462	1110
193	34474	1100
192	34458	1114
192	34466	1107
192	34460	1112
192	34453	1118
192	34461	1111
192	34459	1113
192	34457	1114
192	34445	1125
192	34440	1129
192	34434	1134
192	34438	1130
192	34446	1124
192	34437	1131
192	34441	1128
192	34432	1135
192	34427	1140
192	34424	1142
192	34435	1133
192	34423	1143
192	34421	1145
192	34425	1141
192	34425	1141
192	34425	1141
192	34423	1143
192	34419	1146
192	34426	1141
192	34418	1147
192	34400	1162
192	34409	1155
192	34416	1149
192	34415	1150
192	34412	1152
192	34422	1144
192	34404	1159
192	34422	1144
192	34419	1146
192	34436	1132
192	34436	1132
192	34447	1123
192	34446	1124
192	34441	1128
192	34463	1109
192	34463	1109
192	34476	1098
192	34473	1101
192	34464	1109
192	34475	1099
192	34479	1096
192	34471	1103
192	34465	1108
192	34475	1099
192	34471	1103
192	34474	1100
192	34470	1103
192	34460	1112
192	34480	1095
192	34478	1097
192	34473	1101
192	34471	1103
192	34458	1114
192	34452	1119
192	34462	1110
192	34449	1121
192	34439	1130
192	34432	1135
192	34413	1151
192	34405	1158
192	34394	1167
192	34403	1160
192	34398	1164
192	34379	1180
192	34379	1180
192	34381	1178
192	34387	1173
192	34390	1171
192	34402	1161
192	34416	1149
192	34413	1151
192	34421	1145
192	34420	1146
192	34428	1139
192	34412	1152
192	34413	1151
192	34415	1150
192	34410	1154
192	34404	1159
192	34414	1151
192	34422	1144
192	34402	1161
192	34404	1159
192	34413	1151
192	34400	1162
192	34406	1157
192	34408	1156
192	34402	1161
192	34410	1154
192	34408	1156
192	34408	1156
192	34396	1166
192	34415	1150
192	34437	1131
192	34431	1136
192	34427	1140
192	34448	1122
192	34446	1124
192	34454	1117
192	34456	1115
192	34462	1110
192	34471	1103
192	34472	1102
192	34483	1093
192	34485	1091
192	34489	1087
192	34492	1085
192	34505	1074
192	34516	1065
192	34533	1050
192	34519	1062
192	34522	1060
192	34522	1060
192	34519	1062
192	34522	1060
192	34519	1062
192	34513	1067
192	34520	1061
192	34514	1066
192	34518	1063
192	34510	1070
192	34519	1062
192	34515	1066
192	34519	1062
192	34516	1065
192	34512	1068
192	34514	1066
192	34513	1067
192	34519	1062
192	34508	1071
192	34517	1064
192	34510	1070
192	34512	1068
192	34520	1061
192	34525	1057
192	34523	1059
192	34518	1063
192	34525	1057
192	34530	1053
192	34532	1051
192	34537	1047
192	34536	1048
192	33398	2009
192	33411	1998
192	33410	1999
192	33414	1996
192	33429	1983
192	33425	1987
192	33443	1971
192	33590	1847
192	33595	1842
192	33598	1840
192	33608	1831
192	33617	1824
192	33625	1817
192	33631	1812
192	33640	1804
192	33649	1797
192	33646	1799
192	33638	1806
192	33638	1806
192	33637	1807
192	33636	1808
192	33623	1819
192	33635	1808
192	33622	1819
192	33619	1822
192	33618	1823
192	33614	1826
192	33603	1836
192	33609	1830
192	33595	1842
192	33595	1842
192	33603	1836
192	33612	1828
192	33602	1836
192	33604	1835
192	33598	1840
192	33598	1840
192	33599	1839
192	33442	1972
192	33591	1846
192	33443	1971
192	33588	1848
192	33431	1981
192	33585	1851
192	33439	1975
192	33432	1981
192	33418	1992
192	33414	1996
192	33407	2002
192	33414	1996
192	33409	2000
192	34545	1040
192	34531	1052
192	34530	1053
192	34533	1050
192	34515	1066
192	34500	1078
192	34516	1065
192	34505	1074
192	34507	1072
192	34507	1072
192	34505	1074
192	34492	1085
192	34502	1077
192	34493	1084
192	34502	1077
192	34497	1081
192	34500	1078
192	34491	1086
192	34488	1088
192	34502	1077
192	34483	1093
192	34487	1089
192	34490	1087
192	34505	1074
192	34489	1087
192	34498	1080
192	34497	1081
192	34511	1069
192	34509	1071
192	34520	1061
192	34531	1052
192	33408	2001
192	33394	2013
192	33402	2006
192	33412	1998
192	33408	2001
192	33409	2000
192	33413	1997
192	33412	1998
192	33418	1992
192	33425	1987
192	33420	1991
192	33432	1981
192	33436	1977
192	33443	1971
192	33584	1852
192	33439	1975
192	33439	1975
192	33438	1975
192	33437	1976
192	33433	1980
192	33436	1977
192	33429	1983
192	33430	1982
192	33429	1983
192	33420	1991
192	33426	1986
192	33429	1983
192	33422	1989
192	33431	1981
192	33432	1981
192	33434	1979
192	33431	1981
192	33442	1972
192	33440	1974
192	33441	1973
192	33589	1847
192	33595	1842
192	33590	1847
192	33591	1846
192	33605	1834
192	33595	1842
192	33607	1832
192	33613	1827
192	33610	1830
192	33620	1821
192	33626	1816
192	33637	1807
192	33639	1805
192	33643	1802
192	33644	1801
192	33649	1797
192	33649	1797
192	33652	1794
192	33653	1793
192	33654	1792
192	33664	1784
192	33665	1783
192	33659	1788
192	33665	1783
192	33666	1782
192	33673	1776
192	33674	1775
192	33672	1777
192	33683	1768
192	33686	1765
192	33686	1765
192	33689	1763
192	33697	1756
192	33694	1758
192	33701	1753
192	33707	1747
192	33702	1752
192	33716	1740
192	33713	1742
192	33724	1733
192	33726	1731
192	33731	1727
192	33731	1727
192	33737	1722
192	33730	1728
192	33749	1712
192	33742	1718
192	33747	1714
192	33755	1707
192	33765	1698
192	33776	1689
192	33775	1690
192	33779	1687
192	33786	1681
192	33791	1676
192	33798	1670
192	33794	1674
192	33798	1670
192	33803	1666
192	33794	1674
192	33807	1663
192	33797	1671
192	33807	1663
192	33805	1665
192	33805	1665
192	33803	1666
192	33797	1671
192	33804	1665
192	33796	1672
192	33806	1664
192	33808	1662
192	33806	1664
192	33800	1669
192	33806	1664
192	33800	1669
192	33797	1671
192	33802	1667
192	33801	1668
192	33802	1667
192	33808	1662
192	33806	1664
192	33798	1670
192	33802	1667
192	33803	1666
192	33798	1670
192	33796	1672
192	33797	1671
192	33799	1670
192	33799	1670
192	33812	1659
192	33807	1663
192	33809	1661
192	33809	1661
192	33809	1661
192	33803	1666
192	33817	1654
192	33806	1664
192	33805	1665
192	33815	1656
192	33819	1653
192	33820	1652
192	33819	1653
192	33818	1654
192	33820	1652
192	33829	1644
192	33981	1516
192	33985	1512
192	33834	1640
192	33997	1502
192	33995	1504
192	33988	1510
192	33987	1511
192	33988	1510
192	33987	1511
192	33988	1510
192	33837	1637
192	33837	1637
192	33826	1647
192	33831	1643
192	33984	1513
192	33987	1511
192	33980	1517
192	33983	1514
192	33982	1515
192	33979	1517
192	33978	1518
192	33978	1518
192	33836	1638
192	33835	1639
192	33978	1518
192	33979	1517
192	33979	1517
192	33833	1641
192	33826	1647
192	33833	1641
192	33831	1643
192	33831	1643
192	33836	1638
192	33834	1640
192	33837	1637
192	33978	1518
192	33978	1518
192	33979	1517
192	33983	1514
192	33984	1513
192	33982	1515
192	33836	1638
192	33982	1515
192	33990	1508
192	33988	1510
192	33990	1508
192	33983	1514
192	33988	1510
192	33987	1511
192	33989	1509
192	33980	1517
192	33985	1512
192	33989	1509
192	33984	1513
192	33994	1505
192	33993	1506
192	33994	1505
192	33999	1501
192	33998	1501
192	34001	1499
192	33990	1508
192	34002	1498
192	33996	1503
192	34005	1495
192	34006	1495
192	34013	1489
192	34000	1500
192	34002	1498
192	34003	1497
192	34004	1496
192	34002	1498
192	34010	1491
192	34007	1494
192	34005	1495
192	34009	1492
192	34007	1494
192	34008	1493
192	34012	1490
192	34009	1492
192	34002	1498
192	34014	1488
192	34005	1495
192	34001	1499
192	34003	1497
192	34010	1491
192	34008	1493
192	34009	1492
192	34000	1500
192	34005	1495
192	34000	1500
192	34004	1496
192	34005	1495
192	34000	1500
192	33997	1502
192	34001	1499
192	33999	1501
192	34001	1499
192	34007	1494
192	34009	1492
192	34002	1498
192	35018	643
192	35017	644
192	34016	1486
192	35013	648
192	35022	640
192	34010	1491
192	35019	643
192	35021	641
192	35017	644
192	35017	644
192	35019	643
192	35164	521
192	35021	641
192	35018	643
192	35167	519
192	35018	643
192	35015	646
192	35021	641
192	35018	643
192	35021	641
192	35165	520
192	35176	511
192	35171	515
192	35183	505
192	35173	514
192	35169	517
192	35021	641
192	35166	519
192	35173	514
192	35171	515
192	35171	515
192	35180	508
192	35167	519
192	35169	517
192	35166	519
192	35167	519
192	35017	644
192	35013	648
192	35010	650
192	33998	1501
192	33996	1503
191	33985	1512
192	33987	1511
192	33978	1518
192	33829	1644
192	33828	1645
191	33822	1650
192	33826	1647
192	33819	1653
192	33821	1651
191	33812	1659
192	33817	1654
192	33812	1659
192	33812	1659
191	33804	1665
192	33819	1653
191	33805	1665
191	33803	1666
192	33809	1661
192	33815	1656
192	33811	1659
192	33807	1663
192	33806	1664
191	33804	1665
192	33811	1659
191	33802	1667
191	33803	1666
191	33802	1667
191	33806	1664
191	33802	1667
192	33807	1663
191	33808	1662
192	33812	1659
191	33809	1661
192	33811	1659
191	33796	1672
191	33805	1665
191	33805	1665
191	33802	1667
191	33795	1673
191	33804	1665
191	33803	1666
191	33795	1673
191	33804	1665
191	33809	1661
191	33808	1662
191	33805	1665
191	33808	1662
191	33798	1670
191	33799	1670
191	33795	1673
191	33805	1665
192	33817	1654
191	33805	1665
191	33802	1667
191	33807	1663
191	33799	1670
191	33801	1668
191	33797	1671
191	33809	1661
191	33805	1665
191	33797	1671
191	33807	1663
191	33797	1671
191	33793	1675
191	33793	1675
191	33793	1675
191	33793	1675
191	33796	1672
191	33791	1676
191	33776	1689
191	33778	1687
191	33776	1689
