#Zeit [s]	longitude [1e6]	Latitude [1e5]	GPSSpeed [1e2 km/h] 	Tacho [1e2 km/h] 	Temperatur [10 C] 	Druck [Pa] 	HoeheSee [10 m]
51747	8959332	5305052	162	0	91	99287	-183
51748	8959325	5305052	137	0	91	99289	-185
51749	8959326	5305052	316	0	91	99289	-185
51750	8959332	5305053	464	0	91	99289	-185
51751	8959343	5305055	551	0	91	99286	-182
51752	8959359	5305057	772	0	92	99289	-185
51753	8959379	5305059	955	0	92	99290	-186
51754	8959401	5305061	1168	0	92	99289	-185
51755	8959420	5305063	1064	0	92	99290	-186
51756	8959437	5305065	1027	0	92	99285	-182
51757	8959445	5305068	937	0	92	99290	-186
51758	8959446	5305069	681	0	92	99289	-185
51759	8959435	5305072	700	0	92	99291	-187
51760	8959412	5305074	1016	0	92	99298	-193
51761	8959376	5305075	963	0	92	99284	-181
51762	8959332	5305077	1183	0	92	99294	-189
51763	8959286	5305078	1074	0	92	99294	-189
51764	8959238	5305079	1107	0	92	99291	-187
51765	8959190	5305080	1033	0	92	99295	-190
51766	8959145	5305081	970	0	92	99293	-188
51767	8959101	5305081	827	0	93	99289	-185
51768	8959061	5305081	753	0	93	99288	-184
51769	8959027	5305080	835	0	93	99288	-184
51770	8959002	5305079	722	0	93	99293	-188
51771	8958985	5305079	668	0	93	99291	-187
51772	8958978	5305077	1007	0	93	99289	-185
51773	8958981	5305075	1029	0	93	99296	-191
51774	8958997	5305073	1226	0	93	99290	-186
51775	8959026	5305071	1238	0	93	99287	-183
51776	8959064	5305069	1190	0	93	99289	-185
51777	8959107	5305068	1033	0	93	99286	-182
51778	8959150	5305067	1031	0	93	99286	-182
51779	8959191	5305066	911	0	93	99286	-182
51780	8959229	5305066	720	0	94	99291	-187
51781	8959259	5305065	600	0	94	99289	-185
51782	8959281	5305065	581	0	94	99298	-193
51783	8959293	5305064	672	0	94	99294	-189
51784	8959297	5305063	663	0	94	99284	-181
51785	8959294	5305062	561	0	94	99286	-182
51786	8959287	5305061	638	0	94	99290	-186
51787	8959276	5305060	590	0	94	99286	-182
51788	8959265	5305059	550	0	94	99295	-190
51789	8959251	5305058	412	0	94	99289	-185
51790	8959236	5305058	548	0	94	99283	-180
51791	8959215	5305058	837	0	95	99292	-188
51792	8959188	5305058	820	0	95	99285	-182
51793	8959156	5305057	1013	0	95	99290	-186
51794	8959118	5305057	1057	0	95	99289	-185
51795	8959079	5305057	968	0	95	99294	-189
51796	8959038	5305057	977	0	95	99289	-185
51797	8959000	5305056	918	0	95	99286	-182
51798	8958961	5305055	903	0	95	99280	-177
51799	8958925	5305054	770	0	95	99287	-183
51800	8958890	5305054	679	0	95	99287	-183
51801	8958858	5305053	587	0	95	99283	-180
51802	8958804	5305053	359	0	96	99280	-177
51803	8958785	5305054	505	0	96	99285	-182
51804	8958773	5305055	890	0	96	99287	-183
51805	8958773	5305055	890	0	96	99281	-178
51806	8958769	5305058	887	0	96	99285	-182
51807	8958769	5305060	977	0	96	99281	-178
51808	8958772	5305063	996	0	96	99289	-185
51809	8958778	5305065	1051	0	96	99291	-187
51810	8958778	5305065	1051	0	97	99295	-190
51811	8958813	5305069	1220	0	97	99290	-186
51812	8958842	5305072	1453	0	97	99298	-193
51813	8958878	5305074	1522	0	97	99310	-203
51814	8958918	5305076	1603	0	97	99323	-214
51815	8958918	5305076	1603	0	97	99323	-214
51816	8959011	5305080	1789	0	97	99333	-222
51817	8959064	5305082	1818	0	97	99331	-221
51818	8959119	5305085	1770	0	98	99349	-236
51819	8959175	5305088	1620	0	98	99353	-239
51820	8959175	5305088	1620	0	98	99357	-243
51821	8959281	5305091	1250	0	98	99364	-249
51822	8959327	5305092	935	0	98	99366	-250
51823	8959362	5305093	774	0	98	99368	-252
51824	8959391	5305094	696	0	98	99374	-257
51825	8959391	5305094	696	0	98	99369	-253
51826	8959435	5305092	101	0	99	99373	-256
51827	8959452	5305092	33	0	99	99370	-254
51828	8959467	5305090	70	0	99	99366	-250
51829	8959475	5305089	27	0	99	99378	-261
51830	8959475	5305089	27	0	99	99373	-256
51831	8959506	5305086	366	0	99	99372	-255
51832	8959530	5305082	320	0	99	99375	-258
51833	8959558	5305079	338	0	99	99380	-262
51834	8959587	5305075	377	0	100	99375	-258
51835	8959587	5305075	377	0	100	99376	-259
51836	8959607	5305073	427	0	100	99372	-255
51837	8959620	5305072	694	0	100	99369	-253
51838	8959637	5305072	614	0	100	99368	-252
51839	8959658	5305071	522	0	100	99372	-255
51840	8959658	5305071	522	0	100	99377	-260
51841	8959681	5305069	900	0	101	99371	-255
51842	8959703	5305066	1172	0	101	99374	-257
51843	8959727	5305062	1490	0	101	99370	-254
51844	8959757	5305057	1498	0	101	99374	-257
51845	8959757	5305057	1498	0	101	99372	-255
51846	8959844	5305051	1398	0	101	99365	-250
51847	8959897	5305050	1490	0	101	99365	-250
51848	8959951	5305050	1348	0	101	99370	-254
51849	8960005	5305051	1453	0	102	99376	-259
51850	8960005	5305051	1453	0	102	99376	-259
51851	8960121	5305053	1576	0	102	99369	-253
51852	8960185	5305054	1601	0	102	99374	-257
51853	8960251	5305054	1557	0	102	99373	-256
51854	8960318	5305054	1435	0	102	99369	-253
51855	8960318	5305054	1435	0	103	99382	-264
51856	8960439	5305053	1346	0	103	99375	-258
51857	8960494	5305052	1283	0	103	99371	-255
51858	8960545	5305051	1094	0	103	99372	-255
51859	8960592	5305050	779	0	103	99378	-261
51860	8960592	5305050	779	0	103	99376	-259
51861	8960661	5305049	262	0	104	99373	-256
51862	8960679	5305049	168	0	104	99370	-254
51863	8960689	5305049	112	0	104	99384	-266
51864	8960693	5305049	118	0	104	99380	-262
51865	8960693	5305049	118	0	104	99371	-255
51866	8960699	5305049	46	0	104	99368	-252
51867	8960703	5305049	42	0	105	99378	-261
51868	8960706	5305048	55	0	105	99375	-258
51869	8960707	5305048	53	0	105	99377	-260
51870	8960707	5305048	53	0	105	99377	-260
51871	8960710	5305048	14	0	105	99373	-256
51872	8960711	5305048	12	0	105	99367	-251
51873	8960711	5305048	9	0	105	99372	-255
51874	8960712	5305048	235	0	105	99369	-253
51875	8960715	5305048	690	0	106	99371	-255
51876	8960725	5305047	1074	0	106	99364	-249
51877	8960746	5305047	1542	0	106	99369	-253
51878	8960777	5305045	1572	0	106	99369	-253
51879	8960815	5305043	1444	0	106	99365	-250
51880	8960846	5305040	1540	0	106	99365	-250
51881	8960865	5305036	1966	0	107	99369	-253
51882	8960871	5305032	2266	0	107	99370	-254
51883	8960859	5305026	2772	0	107	99370	-254
51884	8960840	5305019	3328	0	107	99364	-249
51885	8960817	5305012	3439	0	107	99367	-251
51886	8960761	5304995	3385	0	107	99364	-249
51887	8960734	5304987	3461	0	108	99363	-248
51888	8960703	5304979	3422	0	108	99363	-248
51889	8960672	5304971	2983	0	108	99371	-255
51890	8960672	5304971	2983	0	108	99374	-257
51891	8960606	5304956	2033	0	108	99370	-254
51892	8960577	5304950	1655	0	108	99379	-261
51893	8960554	5304944	1283	0	108	99373	-256
51894	8960539	5304941	772	0	109	99375	-258
51895	8960539	5304941	772	0	109	99375	-258
51896	8960525	5304936	290	0	109	99372	-255
51897	8960526	5304935	288	0	109	99373	-256
51898	8960531	5304934	292	0	109	99374	-257
51899	8960540	5304935	329	0	109	99363	-248
51900	8960540	5304935	329	0	110	99368	-252
51901	8960560	5304935	0	0	110	99369	-253
51902	8960566	5304936	0	0	110	99369	-253
51903	8960571	5304936	0	0	110	99371	-255
51904	8960574	5304936	37	0	110	99372	-255
51905	8960574	5304936	37	0	110	99369	-253
51906	8960571	5304933	1744	0	110	99365	-250
51907	8960567	5304930	2296	0	111	99366	-250
51908	8960560	5304926	2420	0	111	99370	-254
51909	8960547	5304920	2746	0	111	99365	-250
51910	8960547	5304920	2746	0	111	99365	-250
51911	8960506	5304906	3716	0	111	99355	-241
51912	8960476	5304898	3946	0	111	99363	-248
51913	8960442	5304889	4024	0	111	99362	-247
51914	8960403	5304880	4026	0	112	99363	-248
51915	8960403	5304880	4026	0	112	99358	-244
51916	8960316	5304859	4646	0	112	99355	-241
51917	8960265	5304848	4718	0	112	99354	-240
51918	8960211	5304837	4835	0	112	99360	-245
51919	8960150	5304826	4759	0	112	99362	-247
51920	8960150	5304826	4759	0	112	99358	-244
51921	8960005	5304804	4428	0	113	99361	-246
51922	8959925	5304793	4220	0	113	99361	-246
51923	8959843	5304783	4168	0	113	99368	-252
51924	8959761	5304773	3913	0	113	99367	-251
51925	8959761	5304773	3913	0	113	99364	-249
51926	8959594	5304756	3581	0	113	99360	-245
51927	8959508	5304748	3572	0	114	99363	-248
51928	8959420	5304741	3487	0	114	99365	-250
51929	8959334	5304733	3150	0	114	99364	-249
51930	8959334	5304733	3150	0	114	99361	-246
51931	8959178	5304722	2198	0	114	99364	-249
51932	8959110	5304717	1913	0	114	99360	-245
51933	8959047	5304713	1561	0	115	99362	-247
51934	8958988	5304710	1250	0	115	99366	-250
51935	8958988	5304710	1250	0	115	99361	-246
51936	8958891	5304705	788	0	115	99360	-245
51937	8958856	5304703	638	0	115	99355	-241
51938	8958830	5304702	35	0	115	99364	-249
51939	8958812	5304701	12	0	116	99366	-250
51940	8958812	5304701	12	0	116	99370	-254
51941	8958797	5304701	5	0	116	99365	-250
51942	8958799	5304701	5	0	116	99372	-255
51943	8958802	5304701	0	0	116	99361	-246
51944	8958803	5304701	0	0	117	99371	-255
51945	8958803	5304701	0	0	117	99366	-250
51946	8958805	5304701	0	0	117	99362	-247
51947	8958805	5304701	0	0	117	99366	-250
51948	8958805	5304701	0	0	117	99362	-247
51949	8958805	5304701	0	0	117	99366	-250
51950	8958805	5304701	0	0	117	99359	-244
51951	8958805	5304701	0	0	117	99356	-242
51952	8958805	5304701	0	0	118	99360	-245
51953	8958805	5304701	0	0	118	99358	-244
51954	8958805	5304701	0	0	118	99366	-250
51955	8958805	5304701	0	0	118	99366	-250
51956	8958805	5304701	0	0	118	99367	-251
51957	8958805	5304701	0	0	118	99362	-247
51958	8958805	5304701	0	0	119	99358	-244
51959	8958805	5304701	0	0	119	99363	-248
51960	8958805	5304701	0	0	119	99366	-250
51961	8958805	5304701	0	0	119	99354	-240
51962	8958805	5304701	0	0	119	99368	-252
51963	8958802	5304701	603	0	119	99365	-250
51964	8958790	5304701	1113	0	119	99359	-244
51965	8958790	5304701	1113	0	120	99358	-244
51966	8958712	5304696	2081	0	120	99354	-240
51967	8958648	5304693	2452	0	120	99354	-240
51968	8958570	5304688	2870	0	120	99342	-230
51969	8958490	5304683	2998	0	120	99351	-238
51970	8958490	5304683	2998	0	120	99345	-233
51971	8958344	5304672	3689	0	120	99344	-232
51972	8958294	5304664	3809	0	121	99342	-230
51973	8958267	5304656	4057	0	121	99337	-226
51974	8958265	5304647	4387	0	121	99330	-220
51975	8958265	5304647	4387	0	121	99333	-222
51976	8958313	5304626	4372	0	121	99324	-215
51977	8958351	5304616	4620	0	121	99318	-210
51978	8958389	5304603	4661	0	121	99307	-200
51979	8958389	5304603	4661	0	122	99299	-193
51980	8958426	5304592	5198	0	122	99290	-186
51981	8958458	5304580	5187	0	122	99283	-180
51982	8958492	5304567	4789	0	122	99280	-177
51983	8958529	5304554	4854	0	122	99273	-171
51984	8958566	5304542	4987	0	122	99269	-168
51985	8958602	5304529	5143	0	123	99270	-169
51986	8958633	5304516	5283	0	123	99264	-164
51987	8958662	5304503	5448	0	123	99261	-161
51988	8958689	5304490	5428	0	123	99261	-161
51989	8958714	5304477	5246	0	123	99265	-165
51990	8958738	5304464	5157	0	124	99276	-174
51991	8958763	5304451	5098	0	124	99280	-177
51992	8958786	5304437	4974	0	124	99271	-170
51993	8958809	5304425	4968	0	124	99270	-169
51994	8958830	5304412	4935	0	124	99278	-176
51995	8958851	5304400	4930	0	124	99283	-180
51996	8958872	5304387	4855	0	124	99290	-186
51997	8958892	5304375	4885	0	124	99292	-188
51998	8958912	5304363	4741	0	125	99308	-201
51999	8958930	5304352	4354	0	125	99309	-202
52000	8958946	5304340	3998	0	125	99317	-209
52001	8958960	5304329	3535	0	125	99321	-212
52002	8958972	5304320	3015	0	125	99322	-213
52003	8958982	5304312	2520	0	126	99327	-217
52004	8958993	5304304	1953	0	126	99320	-211
52005	8958998	5304299	1626	0	126	99326	-216
52006	8959000	5304294	1164	0	126	99326	-216
52007	8959001	5304291	798	0	126	99325	-216
52008	8959000	5304288	659	0	126	99327	-217
52009	8959002	5304286	590	0	127	99329	-219
52010	8959003	5304284	590	0	127	99329	-219
52011	8959007	5304284	357	0	127	99329	-219
52012	8959011	5304283	18	0	127	99329	-219
52013	8959014	5304282	12	0	127	99334	-223
52014	8959019	5304281	22	0	127	99328	-218
52015	8959023	5304281	42	0	127	99334	-223
52016	8959028	5304280	55	0	128	99342	-230
52017	8959035	5304278	1274	0	128	99333	-222
52018	8959044	5304276	1742	0	128	99338	-227
52019	8959053	5304273	2131	0	128	99338	-227
52020	8959062	5304268	2457	0	128	99333	-222
52021	8959069	5304262	3102	0	128	99347	-234
52022	8959080	5304255	3216	0	128	99340	-228
52023	8959091	5304247	3255	0	129	99347	-234
52024	8959107	5304239	3381	0	129	99347	-234
52025	8959126	5304231	3566	0	129	99346	-233
52026	8959146	5304221	3870	0	129	99352	-239
52027	8959166	5304212	4002	0	129	99355	-241
52028	8959187	5304202	4131	0	129	99361	-246
52029	8959208	5304191	4252	0	130	99362	-247
52030	8959229	5304180	4163	0	130	99364	-249
52031	8959246	5304169	4217	0	130	99364	-249
52032	8959261	5304158	4265	0	130	99360	-245
52033	8959276	5304147	4207	0	130	99360	-245
52034	8959295	5304136	4213	0	130	99363	-248
52035	8959319	5304125	4207	0	130	99362	-247
52036	8959345	5304114	4170	0	131	99364	-249
52037	8959368	5304104	4183	0	131	99352	-239
52038	8959390	5304093	4065	0	131	99355	-241
52039	8959409	5304082	4094	0	131	99364	-249
52040	8959427	5304072	4089	0	131	99357	-243
52041	8959444	5304061	3961	0	131	99362	-247
52042	8959464	5304051	3911	0	132	99364	-249
52043	8959482	5304040	4000	0	132	99365	-250
52044	8959498	5304030	4004	0	132	99359	-244
52045	8959515	5304020	3959	0	132	99365	-250
52046	8959528	5304009	3955	0	132	99366	-250
52047	8959539	5303999	4120	0	132	99367	-251
52048	8959552	5303988	4211	0	133	99371	-255
52049	8959563	5303978	4085	0	133	99373	-256
52050	8959572	5303968	3850	0	133	99366	-250
52051	8959579	5303958	3666	0	133	99370	-254
52052	8959582	5303948	3657	0	133	99362	-247
52053	8959581	5303938	3816	0	133	99360	-245
52054	8959576	5303929	4217	0	133	99359	-244
52055	8959566	5303918	4537	0	133	99357	-243
52056	8959553	5303908	4689	0	134	99357	-243
52057	8959538	5303896	4800	0	134	99356	-242
52058	8959520	5303884	4974	0	134	99349	-236
52059	8959499	5303872	4791	0	134	99353	-239
52060	8959475	5303859	4789	0	134	99352	-239
52061	8959444	5303847	4896	0	135	99341	-229
52062	8959410	5303834	4854	0	135	99339	-227
52063	8959373	5303822	4904	0	135	99344	-232
52064	8959332	5303809	5024	0	135	99317	-209
52065	8959286	5303797	5113	0	135	99319	-210
52066	8959233	5303785	5111	0	135	99315	-207
52067	8959174	5303772	5115	0	135	99313	-205
52068	8959107	5303760	5018	0	135	99308	-201
52069	8959036	5303747	4980	0	136	99291	-187
52070	8958961	5303735	5009	0	136	99288	-184
52071	8958880	5303724	5013	0	136	99291	-187
52072	8958797	5303712	4978	0	136	99287	-183
52073	8958710	5303701	5011	0	136	99280	-177
52074	8958618	5303689	5065	0	136	99268	-167
52075	8958523	5303678	5018	0	137	99280	-177
52076	8958422	5303667	5030	0	137	99274	-172
52077	8958315	5303655	5017	0	137	99260	-160
52078	8958204	5303644	5018	0	137	99259	-159
52079	8958089	5303634	5107	0	137	99259	-159
52080	8957971	5303623	5224	0	137	99254	-155
52081	8957848	5303612	5105	0	137	99266	-165
52082	8957723	5303602	5061	0	138	99264	-164
52083	8957592	5303592	5118	0	138	99262	-162
52084	8957460	5303582	4822	0	138	99272	-171
52085	8957325	5303573	4755	0	138	99267	-166
52086	8957188	5303564	4746	0	138	99272	-171
52087	8957050	5303556	4507	0	138	99275	-173
52088	8956911	5303547	4367	0	138	99274	-172
52089	8956774	5303540	4322	0	139	99282	-179
52090	8956637	5303532	4361	0	139	99290	-186
52091	8956499	5303525	4350	0	139	99295	-190
52092	8956361	5303518	4307	0	139	99306	-199
52093	8956219	5303512	4196	0	139	99309	-202
52094	8956075	5303505	4237	0	140	99317	-209
52095	8955930	5303499	4209	0	140	99323	-214
52096	8955786	5303493	3992	0	140	99316	-208
52097	8955645	5303487	3944	0	140	99323	-214
52098	8955509	5303481	3611	0	140	99333	-222
52099	8955379	5303476	3113	0	140	99331	-221
52100	8955259	5303472	2640	0	140	99332	-222
52101	8955152	5303468	2231	0	141	99330	-220
52102	8955059	5303465	1792	0	141	99342	-230
52103	8954983	5303462	1351	0	141	99336	-225
52104	8954921	5303459	981	0	141	99340	-228
52105	8954872	5303457	674	0	141	99336	-225
52106	8954837	5303456	29	0	141	99335	-224
52107	8954814	5303455	11	0	141	99332	-222
52108	8954802	5303454	5	0	142	99339	-227
52109	8954799	5303454	1	0	142	99330	-220
52110	8954799	5303454	3	0	142	99344	-232
52111	8954800	5303454	3	0	142	99340	-228
52112	8954799	5303454	1	0	142	99338	-227
52113	8954798	5303454	1	0	142	99341	-229
52114	8954798	5303454	1	0	142	99336	-225
52115	8954797	5303454	1	0	143	99343	-231
52116	8954798	5303454	1	0	143	99335	-224
52117	8954798	5303454	1	0	143	99343	-231
52118	8954799	5303454	0	0	143	99341	-229
52119	8954798	5303454	1	0	143	99342	-230
52120	8954798	5303454	1	0	143	99334	-223
52121	8954797	5303454	3	0	143	99334	-223
52122	8954797	5303454	3	0	144	99341	-229
52123	8954796	5303455	1	0	144	99343	-231
52124	8954796	5303455	3	0	144	99338	-227
52125	8954795	5303455	5	0	144	99339	-227
52126	8954795	5303455	0	0	144	99337	-226
52127	8954795	5303455	0	0	144	99341	-229
52128	8954796	5303455	1	0	145	99340	-228
52129	8954796	5303455	3	0	145	99340	-228
52130	8954797	5303455	3	0	145	99342	-230
52131	8954797	5303455	44	0	145	99336	-225
52132	8954797	5303455	57	0	145	99334	-223
52133	8954796	5303455	53	0	145	99339	-227
52134	8954795	5303454	0	0	145	99335	-224
52135	8954794	5303454	0	0	145	99337	-226
52136	8954794	5303454	0	0	145	99342	-230
52137	8954793	5303454	20	0	146	99336	-225
52138	8954793	5303454	38	0	146	99337	-226
52139	8954794	5303454	24	0	146	99339	-227
52140	8954794	5303454	33	0	146	99334	-223
52141	8954796	5303455	22	0	146	99336	-225
52142	8954796	5303455	14	0	146	99341	-229
52143	8954797	5303455	0	0	146	99342	-230
52144	8954798	5303455	0	0	147	99347	-234
52145	8954798	5303455	12	0	147	99336	-225
52146	8954799	5303455	12	0	147	99339	-227
52147	8954799	5303455	18	0	147	99338	-227
52148	8954800	5303455	7	0	147	99333	-222
52149	8954800	5303455	7	0	147	99335	-224
52150	8954800	5303455	24	0	147	99336	-225
52151	8954800	5303455	35	0	147	99334	-223
52152	8954799	5303455	24	0	147	99335	-224
52153	8954798	5303455	37	0	148	99338	-227
52154	8954798	5303455	16	0	148	99329	-219
52155	8954797	5303455	31	0	148	99341	-229
52156	8954798	5303455	38	0	148	99342	-230
52157	8954799	5303455	38	0	148	99336	-225
52158	8954800	5303455	0	0	148	99341	-229
52159	8954801	5303455	0	0	148	99336	-225
52160	8954802	5303455	27	0	148	99329	-219
52161	8954802	5303455	12	0	149	99333	-222
52162	8954802	5303455	81	0	149	99335	-224
52163	8954801	5303455	225	0	149	99333	-222
52164	8954798	5303455	609	0	149	99340	-228
52165	8954784	5303454	1183	0	149	99340	-228
52166	8954754	5303454	1650	0	149	99340	-228
52167	8954706	5303452	1976	0	149	99338	-227
52168	8954641	5303451	2096	0	149	99341	-229
52169	8954564	5303448	2227	0	149	99332	-222
52170	8954481	5303446	2418	0	149	99340	-228
52171	8954391	5303443	2348	0	150	99338	-227
52172	8954299	5303441	2313	0	150	99345	-233
52173	8954206	5303439	2216	0	150	99346	-233
52174	8954115	5303436	2074	0	150	99343	-231
52175	8954029	5303434	1881	0	150	99342	-230
52176	8953955	5303432	1829	0	150	99344	-232
52177	8953892	5303430	2009	0	150	99344	-232
52178	8953849	5303426	2177	0	150	99344	-232
52179	8953835	5303422	2307	0	150	99339	-227
52180	8953851	5303418	2307	0	151	99348	-235
52181	8953894	5303413	2270	0	151	99343	-231
52182	8953960	5303409	2487	0	151	99340	-228
52183	8954042	5303406	2894	0	151	99340	-228
52184	8954136	5303402	3168	0	151	99343	-231
52185	8954237	5303399	3065	0	151	99341	-229
52186	8954343	5303395	2918	0	151	99342	-230
52187	8954445	5303391	2487	0	151	99345	-233
52188	8954539	5303387	1900	0	152	99347	-234
52189	8954618	5303384	1627	0	152	99346	-233
52190	8954683	5303381	1250	0	152	99342	-230
52191	8954730	5303378	698	0	152	99346	-233
52192	8954763	5303377	414	0	152	99340	-228
52193	8954783	5303375	7	0	152	99343	-231
52194	8954792	5303375	7	0	152	99342	-230
52195	8954795	5303375	7	0	152	99341	-229
52196	8954794	5303375	0	0	152	99337	-226
52197	8954792	5303375	20	0	152	99341	-229
52198	8954794	5303375	37	0	153	99339	-227
52199	8954800	5303375	44	0	153	99340	-228
52200	8954808	5303374	44	0	153	99337	-226
52201	8954820	5303373	44	0	153	99335	-224
52202	8954835	5303373	46	0	153	99345	-233
52203	8954850	5303372	509	0	153	99340	-228
52204	8954869	5303371	568	0	153	99341	-229
52205	8954889	5303370	655	0	153	99341	-229
52206	8954911	5303369	659	0	153	99340	-228
52207	8954933	5303369	585	0	154	99344	-232
52208	8954956	5303367	544	0	154	99336	-225
52209	8954978	5303366	574	0	154	99335	-224
52210	8955001	5303365	700	0	154	99336	-225
52211	8955027	5303364	1061	0	154	99337	-226
52212	8955058	5303362	1281	0	154	99337	-226
52213	8955097	5303361	1407	0	154	99337	-226
52214	8955143	5303360	1363	0	154	99336	-225
52215	8955194	5303358	1181	0	154	99340	-228
52216	8955242	5303356	1138	0	155	99333	-222
52217	8955289	5303354	1087	0	155	99340	-228
52218	8955332	5303353	1009	0	155	99343	-231
52219	8955373	5303352	953	0	155	99344	-232
52220	8955412	5303350	883	0	155	99337	-226
52221	8955450	5303349	926	0	155	99342	-230
52222	8955488	5303348	1168	0	155	99339	-227
52223	8955528	5303347	1337	0	155	99343	-231
52224	8955574	5303345	1422	0	155	99338	-227
52225	8955623	5303343	1522	0	156	99343	-231
52226	8955677	5303341	1679	0	156	99338	-227
52227	8955735	5303340	1807	0	156	99334	-223
52228	8955797	5303337	1892	0	156	99340	-228
52229	8955864	5303335	1861	0	156	99344	-232
52230	8955933	5303333	1677	0	156	99339	-227
52231	8956002	5303330	1401	0	156	99340	-228
52232	8956066	5303328	1118	0	157	99336	-225
52233	8956122	5303325	1009	0	157	99339	-227
52234	8956172	5303324	914	0	157	99338	-227
52235	8956211	5303322	924	0	157	99336	-225
52236	8956248	5303321	872	0	157	99339	-227
52237	8956284	5303320	666	0	157	99329	-219
52238	8956314	5303319	520	0	157	99329	-219
52239	8956341	5303319	333	0	157	99340	-228
52240	8956359	5303318	16	0	157	99336	-225
52241	8956371	5303317	7	0	157	99330	-220
52242	8956377	5303317	3	0	158	99343	-231
52243	8956379	5303317	5	0	158	99339	-227
52244	8956378	5303317	5	0	158	99339	-227
52245	8956376	5303317	7	0	158	99335	-224
52246	8956374	5303317	5	0	158	99344	-232
52247	8956371	5303317	3	0	158	99334	-223
52248	8956369	5303317	1	0	158	99339	-227
52249	8956368	5303317	0	0	158	99337	-226
52250	8956367	5303317	5	0	158	99337	-226
52251	8956367	5303317	188	0	159	99335	-224
52252	8956370	5303317	475	0	159	99345	-233
52253	8956383	5303317	724	0	159	99330	-220
52254	8956409	5303316	1413	0	159	99339	-227
52255	8956455	5303315	2064	0	159	99336	-225
52256	8956522	5303313	2174	0	159	99338	-227
52257	8956601	5303311	2170	0	159	99337	-226
52258	8956689	5303308	2135	0	159	99337	-226
52259	8956778	5303306	2177	0	159	99337	-226
52260	8956864	5303303	2172	0	159	99335	-224
52261	8956950	5303300	2159	0	160	99339	-227
52262	8957040	5303297	2090	0	160	99338	-227
52263	8957129	5303294	2003	0	160	99340	-228
52264	8957219	5303291	1792	0	160	99337	-226
52265	8957304	5303288	1698	0	160	99339	-227
52266	8957380	5303285	1468	0	160	99345	-233
52267	8957447	5303283	1218	0	160	99342	-230
52268	8957504	5303281	951	0	160	99342	-230
52269	8957550	5303279	613	0	160	99343	-231
52270	8957585	5303278	24	0	161	99345	-233
52271	8957610	5303277	20	0	161	99342	-230
52272	8957628	5303277	24	0	161	99351	-238
52273	8957643	5303277	38	0	161	99337	-226
52274	8957659	5303277	51	0	161	99341	-229
52275	8957678	5303276	59	0	161	99332	-222
52276	8957724	5303274	53	0	161	99342	-230
52277	8957748	5303274	57	0	161	99343	-231
52278	8957771	5303273	794	0	161	99339	-227
52279	8957795	5303272	987	0	161	99340	-228
52280	8957795	5303272	987	0	162	99344	-232
52281	8957834	5303269	33	0	162	99341	-229
52282	8957848	5303268	7	0	162	99345	-233
52283	8957855	5303267	1	0	162	99343	-231
52284	8957857	5303267	3	0	162	99340	-228
52285	8957857	5303267	3	0	162	99342	-230
52286	8957854	5303267	3	0	162	99345	-233
52287	8957853	5303267	1	0	162	99349	-236
52288	8957852	5303267	1	0	162	99340	-228
52289	8957851	5303267	0	0	163	99342	-230
52290	8957851	5303267	0	0	163	99336	-225
52291	8957851	5303267	0	0	163	99345	-233
52292	8957851	5303267	1	0	163	99341	-229
52293	8957851	5303267	3	0	163	99343	-231
52294	8957851	5303267	7	0	163	99349	-236
52295	8957851	5303267	7	0	163	99335	-224
52296	8957851	5303267	3	0	163	99344	-232
52297	8957851	5303267	7	0	163	99349	-236
52298	8957852	5303267	5	0	163	99345	-233
52299	8957853	5303267	0	0	164	99349	-236
52300	8957853	5303267	0	0	164	99347	-234
52301	8957855	5303267	0	0	164	99348	-235
52302	8957857	5303267	151	0	164	99350	-237
52303	8957859	5303267	440	0	164	99340	-228
52304	8957870	5303267	829	0	164	99341	-229
52305	8957896	5303266	1259	0	164	99341	-229
52306	8957937	5303265	1711	0	164	99347	-234
52307	8957994	5303264	1657	0	164	99346	-233
52308	8958056	5303262	1585	0	164	99348	-235
52309	8958119	5303261	1414	0	164	99345	-233
52310	8958179	5303260	1077	0	164	99341	-229
52311	8958234	5303259	735	0	165	99343	-231
52312	8958281	5303259	561	0	165	99346	-233
52313	8958317	5303258	563	0	165	99348	-235
52314	8958346	5303258	663	0	165	99347	-234
52315	8958372	5303257	903	0	165	99351	-238
52316	8958399	5303256	1096	0	165	99349	-236
52317	8958429	5303254	1322	0	165	99350	-237
52318	8958467	5303253	1414	0	165	99353	-239
52319	8958511	5303251	1598	0	166	99355	-241
52320	8958565	5303249	1724	0	166	99346	-233
52321	8958624	5303247	1835	0	166	99353	-239
52322	8958689	5303245	1840	0	166	99350	-237
52323	8958755	5303243	1774	0	166	99354	-240
52324	8958817	5303241	1518	0	166	99348	-235
52325	8958879	5303239	1124	0	166	99346	-233
52326	8958931	5303237	740	0	166	99344	-232
52327	8958973	5303236	33	0	166	99345	-233
52328	8959002	5303235	16	0	166	99339	-227
52329	8959017	5303234	7	0	167	99347	-234
52330	8959023	5303234	3	0	167	99347	-234
52331	8959024	5303234	3	0	167	99349	-236
52332	8959023	5303234	5	0	167	99347	-234
52333	8959022	5303234	11	0	167	99352	-239
52334	8959021	5303234	12	0	167	99341	-229
52335	8959019	5303233	7	0	167	99341	-229
52336	8959017	5303233	3	0	167	99345	-233
52337	8959015	5303233	7	0	167	99345	-233
52338	8959016	5303233	248	0	168	99354	-240
52339	8959019	5303233	551	0	168	99350	-237
52340	8959032	5303232	1183	0	168	99351	-238
52341	8959060	5303232	1190	0	168	99355	-241
52342	8959099	5303231	948	0	168	99354	-240
52343	8959144	5303229	594	0	168	99352	-239
52344	8959184	5303229	298	0	168	99351	-238
52345	8959209	5303228	144	0	168	99359	-244
52346	8959225	5303227	59	0	168	99350	-237
52347	8959230	5303227	9	0	169	99346	-233
52348	8959232	5303227	22	0	169	99351	-238
52349	8959232	5303227	33	0	169	99349	-236
52350	8959231	5303226	33	0	169	99349	-236
52351	8959230	5303226	14	0	169	99346	-233
52352	8959229	5303226	11	0	169	99340	-228
52353	8959229	5303226	29	0	169	99349	-236
52354	8959227	5303226	68	0	169	99347	-234
52355	8959227	5303226	74	0	169	99351	-238
52356	8959225	5303226	22	0	169	99351	-238
52357	8959223	5303226	27	0	170	99350	-237
52358	8959222	5303226	37	0	170	99347	-234
52359	8959222	5303226	53	0	170	99351	-238
52360	8959223	5303226	87	0	170	99351	-238
52361	8959225	5303226	187	0	170	99351	-238
52362	8959229	5303226	185	0	170	99361	-246
52363	8959236	5303225	144	0	170	99354	-240
52364	8959244	5303225	88	0	170	99354	-240
52365	8959249	5303225	48	0	170	99359	-244
52366	8959253	5303225	35	0	170	99357	-243
52367	8959255	5303225	22	0	170	99350	-237
52368	8959257	5303225	7	0	170	99356	-242
52369	8959257	5303225	5	0	170	99350	-237
52370	8959258	5303225	12	0	171	99351	-238
52371	8959258	5303225	16	0	171	99358	-244
52372	8959258	5303225	16	0	171	99349	-236
52373	8959258	5303225	20	0	171	99353	-239
52374	8959258	5303225	24	0	171	99360	-245
52375	8959257	5303225	24	0	171	99354	-240
52376	8959257	5303225	38	0	171	99357	-243
52377	8959257	5303225	50	0	171	99353	-239
52378	8959255	5303225	33	0	171	99350	-237
52379	8959255	5303225	9	0	171	99349	-236
52380	8959253	5303225	22	0	171	99350	-237
52381	8959253	5303225	27	0	172	99354	-240
52382	8959253	5303225	77	0	171	99347	-234
52383	8959251	5303225	27	0	172	99361	-246
52384	8959250	5303225	14	0	172	99351	-238
52385	8959249	5303225	18	0	172	99355	-241
52386	8959249	5303225	14	0	172	99353	-239
52387	8959249	5303225	11	0	172	99360	-245
52388	8959249	5303225	3	0	172	99357	-243
52389	8959249	5303225	5	0	172	99360	-245
52390	8959250	5303225	7	0	172	99363	-248
52391	8959250	5303225	16	0	172	99358	-244
52392	8959249	5303225	16	0	173	99359	-244
52393	8959249	5303225	3	0	173	99358	-244
52394	8959249	5303225	3	0	173	99357	-243
52395	8959249	5303224	5	0	173	99361	-246
52396	8959249	5303225	1	0	173	99353	-239
52397	8959249	5303225	0	0	173	99356	-242
52398	8959249	5303225	3	0	173	99353	-239
52399	8959249	5303224	18	0	173	99358	-244
52400	8959249	5303225	7	0	173	99355	-241
52401	8959249	5303225	3	0	173	99351	-238
52402	8959249	5303225	3	0	174	99353	-239
52403	8959249	5303225	11	0	174	99359	-244
52404	8959249	5303225	3	0	174	99356	-242
52405	8959249	5303225	3	0	174	99358	-244
52406	8959249	5303225	0	0	174	99356	-242
52407	8959249	5303225	1	0	174	99352	-239
52408	8959249	5303225	11	0	174	99356	-242
52409	8959249	5303225	33	0	174	99351	-238
52410	8959249	5303225	237	0	174	99362	-247
52411	8959256	5303225	533	0	174	99356	-242
52412	8959272	5303224	964	0	174	99360	-245
52413	8959298	5303223	926	0	174	99354	-240
52414	8959333	5303222	722	0	175	99361	-246
52415	8959371	5303220	503	0	175	99364	-249
52416	8959404	5303220	224	0	175	99364	-249
52417	8959430	5303219	133	0	175	99356	-242
52418	8959445	5303219	72	0	175	99345	-233
52419	8959452	5303219	68	0	175	99357	-243
52420	8959454	5303219	38	0	175	99353	-239
52421	8959455	5303219	33	0	175	99359	-244
52422	8959455	5303219	29	0	175	99357	-243
52423	8959456	5303219	37	0	175	99357	-243
52424	8959456	5303219	62	0	175	99356	-242
52425	8959455	5303219	96	0	175	99358	-244
52426	8959454	5303219	51	0	175	99362	-247
52427	8959452	5303219	40	0	175	99358	-244
52428	8959452	5303219	57	0	176	99359	-244
52429	8959452	5303219	61	0	176	99360	-245
52430	8959454	5303219	35	0	176	99361	-246
52431	8959455	5303219	18	0	176	99360	-245
52432	8959457	5303219	18	0	176	99354	-240
52433	8959458	5303219	18	0	176	99364	-249
52434	8959459	5303219	27	0	176	99355	-241
52435	8959459	5303219	20	0	176	99360	-245
52436	8959460	5303219	20	0	176	99367	-251
52437	8959460	5303219	50	0	176	99353	-239
52438	8959460	5303219	77	0	177	99363	-248
52439	8959459	5303219	79	0	177	99352	-239
52440	8959457	5303219	11	0	177	99365	-250
52441	8959456	5303219	85	0	177	99356	-242
52442	8959455	5303219	118	0	177	99369	-253
52443	8959457	5303219	125	0	177	99365	-250
52444	8959459	5303219	127	0	177	99362	-247
52445	8959466	5303219	312	0	177	99362	-247
52446	8959482	5303218	731	0	177	99365	-250
52447	8959509	5303217	1826	0	177	99362	-247
52448	8959557	5303217	2348	0	177	99365	-250
52449	8959624	5303216	2483	0	177	99361	-246
52450	8959711	5303215	2496	0	177	99360	-245
52451	8959810	5303214	2346	0	177	99363	-248
52452	8959908	5303215	2509	0	177	99362	-247
52453	8959995	5303218	2870	0	177	99356	-242
52454	8960074	5303222	3170	0	178	99357	-243
52455	8960153	5303229	3392	0	178	99352	-239
52456	8960243	5303234	3670	0	178	99348	-235
52457	8960355	5303240	4079	0	178	99351	-238
52458	8960485	5303245	4070	0	178	99345	-233
52459	8960634	5303249	4085	0	178	99337	-226
52460	8960797	5303252	4331	0	178	99331	-221
52461	8960970	5303254	4404	0	178	99326	-216
52462	8961149	5303256	4400	0	178	99332	-222
52463	8961332	5303257	4309	0	178	99319	-210
52464	8961514	5303258	4185	0	178	99316	-208
52465	8961696	5303258	4217	0	178	99317	-209
52466	8961873	5303259	4170	0	179	99319	-210
52467	8962047	5303259	3824	0	179	99312	-205
52468	8962214	5303258	3620	0	179	99306	-199
52469	8962372	5303257	3487	0	179	99294	-189
52470	8962520	5303255	3320	0	179	99300	-194
52471	8962649	5303251	3187	0	179	99296	-191
52472	8962751	5303246	3220	0	179	99283	-180
52473	8962824	5303239	3257	0	179	99287	-183
52474	8962862	5303231	3328	0	179	99291	-187
52475	8962868	5303222	3448	0	179	99283	-180
52476	8962839	5303213	4407	0	179	99295	-190
52477	8962773	5303204	4826	0	180	99272	-171
52478	8962671	5303195	5087	0	180	99290	-186
52479	8962534	5303186	5667	0	180	99286	-182
52480	8962368	5303176	6233	0	180	99289	-185
52481	8962178	5303166	6624	0	180	99283	-180
52482	8961967	5303155	7019	0	180	99285	-182
52483	8961740	5303144	7365	0	180	99289	-185
52484	8961498	5303132	7695	0	180	99290	-186
52485	8961243	5303121	8152	0	180	99298	-193
52486	8960974	5303109	8232	0	180	99284	-181
52487	8960693	5303097	8337	0	180	99306	-199
52488	8960405	5303084	8335	0	180	99312	-205
52489	8960115	5303072	8328	0	180	99317	-209
52490	8959822	5303060	8454	0	180	99326	-216
52491	8959525	5303047	8437	0	181	99322	-213
52492	8959225	5303035	8458	0	181	99328	-218
52493	8958919	5303023	8478	0	181	99334	-223
52494	8958610	5303011	8448	0	181	99341	-229
52495	8958300	5302999	8411	0	181	99340	-228
52496	8957989	5302989	8378	0	181	99347	-234
52497	8957680	5302978	8391	0	181	99348	-235
52498	8957373	5302968	8128	0	181	99346	-233
52499	8957066	5302958	8206	0	181	99350	-237
52500	8956759	5302948	8243	0	181	99351	-238
52501	8956451	5302938	8237	0	181	99343	-231
52502	8956141	5302929	8224	0	182	99352	-239
52503	8955830	5302920	8280	0	182	99346	-233
52504	8955518	5302911	8271	0	182	99347	-234
52505	8955202	5302903	8265	0	182	99341	-229
52506	8954885	5302895	8458	0	182	99354	-240
52507	8954564	5302886	8719	0	182	99342	-230
52508	8954237	5302878	8985	0	182	99336	-225
52509	8953901	5302870	9158	0	182	99332	-222
52510	8953556	5302862	9506	0	182	99332	-222
52511	8953197	5302853	9721	0	182	99334	-223
52512	8952826	5302845	9948	0	182	99331	-221
52513	8952443	5302837	10126	0	182	99329	-219
52514	8952049	5302829	10328	0	182	99327	-217
52515	8951645	5302822	10634	0	182	99334	-223
52516	8951232	5302815	10782	0	182	99311	-204
52517	8950807	5302807	10993	0	182	99311	-204
52518	8950370	5302801	11102	0	183	99318	-210
52519	8949924	5302794	11399	0	183	99314	-206
52520	8949465	5302788	11628	0	183	99308	-201
52521	8948997	5302783	11991	0	183	99326	-216
52522	8948518	5302777	12082	0	183	99324	-215
52523	8948029	5302772	12212	0	183	99317	-209
52524	8947530	5302766	12273	0	183	99318	-210
52525	8947024	5302762	12282	0	183	99306	-199
52526	8946517	5302758	12243	0	183	99311	-204
52527	8946009	5302755	12312	0	183	99311	-204
52528	8945499	5302752	12328	0	183	99311	-204
52529	8944990	5302749	12328	0	183	99297	-192
52530	8944478	5302748	12532	0	183	99299	-193
52531	8943962	5302746	12545	0	183	99299	-193
52532	8943440	5302746	12551	0	184	99318	-210
52533	8942917	5302745	12519	0	184	99304	-198
52534	8942392	5302745	12556	0	184	99309	-202
52535	8941870	5302746	12515	0	184	99314	-206
52536	8941349	5302747	12388	0	184	99309	-202
52537	8940831	5302749	12312	0	184	99311	-204
52538	8940316	5302752	12232	0	184	99308	-201
52539	8939806	5302755	12293	0	184	99309	-202
52540	8939297	5302759	12341	0	184	99323	-214
52541	8938788	5302763	12375	0	184	99311	-204
52542	8938280	5302767	12323	0	184	99313	-205
52543	8937775	5302772	12234	0	184	99306	-199
52544	8937271	5302777	12162	0	185	99311	-204
52545	8936772	5302783	12110	0	185	99313	-205
52546	8936276	5302790	12097	0	185	99315	-207
52547	8935785	5302797	12084	0	185	99326	-216
52548	8935298	5302804	12000	0	185	99321	-212
52549	8934812	5302812	12112	0	185	99293	-188
52550	8934328	5302820	12106	0	185	99295	-190
52551	8933846	5302829	12078	0	185	99313	-205
52552	8933368	5302839	12071	0	185	99329	-219
52553	8932892	5302849	12078	0	185	99326	-216
52554	8932421	5302860	12086	0	185	99326	-216
52555	8931952	5302871	12065	0	185	99310	-203
52556	8931488	5302883	12058	0	185	99322	-213
52557	8931028	5302895	11904	0	185	99323	-214
52558	8930576	5302908	11899	0	186	99317	-209
52559	8930128	5302921	11854	0	186	99313	-205
52560	8929685	5302935	11919	0	186	99310	-203
52561	8929245	5302949	11862	0	186	99323	-214
52562	8928809	5302963	12039	0	186	99316	-208
52563	8928376	5302978	11962	0	186	99290	-186
52564	8927949	5302994	11954	0	186	99283	-180
52565	8927526	5303010	11991	0	186	99326	-216
52566	8927109	5303026	11999	0	186	99314	-206
52567	8926694	5303042	12191	0	186	99308	-201
52568	8926280	5303059	12226	0	186	99304	-198
52569	8925869	5303077	12195	0	186	99308	-201
52570	8925461	5303095	12208	0	186	99314	-206
52571	8925057	5303113	12260	0	186	99312	-205
52572	8924659	5303132	12339	0	187	99325	-216
52573	8924263	5303151	12389	0	186	99290	-186
52574	8923872	5303172	12400	0	187	99298	-193
52575	8923485	5303192	12412	0	187	99326	-216
52576	8923099	5303213	12402	0	187	99328	-218
52577	8922716	5303234	12462	0	187	99312	-205
52578	8922333	5303255	12473	0	187	99326	-216
52579	8921947	5303276	12617	0	187	99321	-212
52580	8921557	5303296	12617	0	187	99328	-218
52581	8921164	5303317	12652	0	187	99320	-211
52582	8920765	5303338	12651	0	187	99327	-217
52583	8920362	5303358	12680	0	187	99332	-222
52584	8919954	5303377	12545	0	187	99330	-220
52585	8919544	5303397	12497	0	187	99343	-231
52586	8919131	5303416	12532	0	187	99335	-224
52587	8918717	5303435	12282	0	187	99344	-232
52588	8918303	5303453	12147	0	188	99360	-245
52589	8917888	5303470	11982	0	188	99352	-239
52590	8917474	5303488	11815	0	188	99333	-222
52591	8917063	5303504	11578	0	188	99356	-242
52592	8916655	5303520	11487	0	188	99358	-244
52593	8916249	5303536	11219	0	188	99352	-239
52594	8915848	5303550	10976	0	188	99354	-240
52595	8915451	5303565	10789	0	188	99333	-222
52596	8915058	5303579	10721	0	188	99360	-245
52597	8914670	5303593	10630	0	188	99353	-239
52598	8914284	5303606	10561	0	188	99346	-233
52599	8913898	5303619	10530	0	188	99348	-235
52600	8913513	5303631	10482	0	188	99346	-233
52601	8913125	5303643	10478	0	188	99358	-244
52602	8912736	5303655	10441	0	188	99345	-233
52603	8912346	5303666	10439	0	189	99351	-238
52604	8911955	5303677	10417	0	189	99347	-234
52605	8911560	5303688	10661	0	189	99347	-234
52606	8911160	5303698	10937	0	189	99336	-225
52607	8910753	5303708	11184	0	189	99335	-224
52608	8910336	5303719	11412	0	189	99335	-224
52609	8909906	5303730	11491	0	189	99333	-222
52610	8909470	5303740	11723	0	189	99339	-227
52611	8909023	5303751	11875	0	189	99323	-214
52612	8908568	5303761	11976	0	189	99318	-210
52613	8908109	5303772	11897	0	189	99326	-216
52614	8907643	5303782	11978	0	189	99331	-221
52615	8907172	5303791	12045	0	189	99324	-215
52616	8906698	5303801	12217	0	189	99322	-213
52617	8906220	5303810	12165	0	189	99331	-221
52618	8905739	5303819	12163	0	189	99323	-214
52619	8905253	5303827	12178	0	190	99332	-222
52620	8904765	5303836	12219	0	190	99326	-216
52621	8904274	5303843	12273	0	190	99312	-205
52622	8903780	5303850	12236	0	190	99327	-217
52623	8903283	5303857	12260	0	190	99320	-211
52624	8902786	5303863	12252	0	190	99329	-219
52625	8902287	5303869	12299	0	190	99334	-223
52626	8901785	5303875	12288	0	190	99329	-219
52627	8901283	5303880	12276	0	190	99330	-220
52628	8900780	5303885	12288	0	190	99317	-209
52629	8900274	5303890	12278	0	190	99341	-229
52630	8899770	5303893	12275	0	190	99337	-226
52631	8899262	5303897	12262	0	190	99337	-226
52632	8898755	5303900	12267	0	190	99345	-233
52633	8898247	5303902	12262	0	191	99344	-232
52634	8897738	5303904	12260	0	191	99326	-216
52635	8897229	5303906	12252	0	191	99349	-236
52636	8896722	5303907	12145	0	191	99348	-235
52637	8896217	5303908	12184	0	191	99347	-234
52638	8895713	5303909	12158	0	191	99350	-237
52639	8895211	5303909	11919	0	191	99341	-229
52640	8894711	5303909	12000	0	191	99343	-231
52641	8894217	5303909	11708	0	191	99337	-226
52642	8893724	5303908	11663	0	191	99326	-216
52643	8893236	5303907	11673	0	191	99332	-222
52644	8892751	5303905	11613	0	191	99315	-207
52645	8892266	5303903	11595	0	192	99321	-212
52646	8891782	5303900	11567	0	191	99315	-207
52647	8891296	5303897	11737	0	191	99295	-190
52648	8890812	5303894	11815	0	192	99294	-189
52649	8890326	5303891	11787	0	192	99282	-179
52650	8889841	5303887	11773	0	192	99285	-182
52651	8889357	5303883	11723	0	192	99276	-174
52652	8888874	5303879	11730	0	192	99274	-172
52653	8888391	5303874	11719	0	192	99266	-165
52654	8887911	5303869	11706	0	192	99262	-162
52655	8887431	5303863	11697	0	192	99269	-168
52656	8886955	5303858	11660	0	192	99275	-173
52657	8886481	5303852	11536	0	192	99274	-172
52658	8886010	5303846	11528	0	192	99263	-163
52659	8885541	5303840	11526	0	192	99249	-151
52660	8885075	5303833	11571	0	193	99272	-171
52661	8884608	5303826	11521	0	193	99265	-165
52662	8884144	5303818	11473	0	193	99265	-165
52663	8883682	5303810	11480	0	193	99260	-160
52664	8883223	5303802	11478	0	193	99264	-164
52665	8882765	5303794	11412	0	193	99272	-171
52666	8882313	5303785	11280	0	193	99266	-165
52667	8881866	5303776	11158	0	193	99281	-178
52668	8881423	5303767	11069	0	193	99292	-188
52669	8880986	5303758	11099	0	193	99304	-198
52670	8880550	5303749	11069	0	193	99294	-189
52671	8880117	5303740	11006	0	193	99299	-193
52672	8879688	5303730	10784	0	193	99316	-208
52673	8879267	5303720	10437	0	193	99325	-216
52674	8878856	5303710	10169	0	194	99331	-221
52675	8878456	5303700	9930	0	194	99339	-227
52676	8878071	5303689	9800	0	194	99345	-233
52677	8877695	5303679	9724	0	194	99349	-236
52678	8877326	5303668	9611	0	194	99340	-228
52679	8876961	5303658	9567	0	194	99334	-223
52680	8876596	5303646	9558	0	194	99338	-227
52681	8876231	5303635	10102	0	194	99331	-221
52682	8875868	5303623	10186	0	194	99336	-225
52683	8875500	5303611	10441	0	194	99323	-214
52684	8875130	5303599	10395	0	194	99321	-212
52685	8874755	5303586	10745	0	194	99324	-215
52686	8874373	5303573	10819	0	194	99315	-207
52687	8873989	5303559	10900	0	194	99312	-205
52688	8873606	5303545	10939	0	194	99295	-190
52689	8873224	5303531	10980	0	194	99282	-179
52690	8872847	5303517	11013	0	194	99286	-182
52691	8872475	5303502	10989	0	194	99292	-188
52692	8872108	5303487	10980	0	195	99287	-183
52693	8871744	5303473	10961	0	195	99269	-168
52694	8871383	5303458	10947	0	195	99264	-164
52695	8871019	5303443	10930	0	195	99264	-164
52696	8870656	5303428	10908	0	195	99252	-154
52697	8870293	5303413	10895	0	195	99260	-160
52698	8869927	5303398	10582	0	195	99254	-155
52699	8869565	5303383	10704	0	195	99256	-157
52700	8869205	5303367	10337	0	195	99245	-148
52701	8868849	5303352	10269	0	195	99244	-147
52702	8868496	5303337	10095	0	195	99238	-142
52703	8868147	5303322	9971	0	195	99249	-151
52704	8867804	5303308	9780	0	195	99242	-145
52705	8867467	5303294	9489	0	195	99252	-154
52706	8867138	5303280	9411	0	195	99260	-160
52707	8866816	5303266	9371	0	195	99267	-166
52708	8866500	5303253	9254	0	196	99263	-163
52709	8866192	5303240	8391	0	196	99276	-174
52710	8865895	5303228	7904	0	196	99273	-171
52711	8865612	5303216	7424	0	196	99283	-180
52712	8865342	5303204	7239	0	196	99288	-184
52713	8865082	5303194	7035	0	196	99285	-182
52714	8864829	5303185	6885	0	196	99293	-188
52715	8864580	5303176	6744	0	196	99290	-186
52716	8864335	5303167	6733	0	196	99298	-193
52717	8864096	5303159	6626	0	196	99296	-191
52718	8863859	5303151	6498	0	196	99313	-205
52719	8863628	5303142	6439	0	196	99318	-210
52720	8863401	5303134	6389	0	196	99323	-214
52721	8863179	5303126	6278	0	196	99327	-217
52722	8862963	5303117	5967	0	196	99330	-220
52723	8862757	5303108	5376	0	196	99333	-222
52724	8862562	5303100	5007	0	196	99337	-226
52725	8862379	5303092	4880	0	197	99338	-227
52726	8862205	5303085	4726	0	197	99342	-230
52727	8862032	5303079	4713	0	197	99339	-227
52728	8861857	5303075	4587	0	197	99345	-233
52729	8861679	5303071	4531	0	197	99353	-239
52730	8861495	5303069	4567	0	197	99354	-240
52731	8861308	5303068	4567	0	197	99357	-243
52732	8861119	5303068	4620	0	197	99353	-239
52733	8860931	5303070	4781	0	197	99357	-243
52734	8860743	5303072	4994	0	197	99354	-240
52735	8860554	5303076	4983	0	197	99355	-241
52736	8860359	5303079	4931	0	197	99342	-230
52737	8860163	5303081	4822	0	197	99344	-232
52738	8859965	5303082	4954	0	197	99339	-227
52739	8859768	5303082	4926	0	197	99329	-219
52740	8859570	5303079	4907	0	197	99326	-216
52741	8859369	5303076	5315	0	197	99323	-214
52742	8859169	5303072	5313	0	197	99323	-214
52743	8858964	5303068	5318	0	197	99320	-211
52744	8858757	5303064	5359	0	197	99318	-210
52745	8858549	5303061	4891	0	198	99324	-215
52746	8858343	5303058	4613	0	198	99322	-213
52747	8858146	5303057	4239	0	198	99320	-211
52748	8857958	5303058	4092	0	198	99320	-211
52749	8857790	5303062	4470	0	198	99323	-214
52750	8857643	5303069	4142	0	198	99321	-212
52751	8857515	5303078	5370	0	198	99328	-218
52752	8857401	5303090	5833	0	198	99323	-214
52753	8857288	5303102	6187	0	198	99328	-218
52754	8857171	5303115	6322	0	198	99327	-217
52755	8857044	5303129	6732	0	198	99326	-216
52756	8856909	5303143	6874	0	198	99332	-222
52757	8856764	5303158	7428	0	198	99327	-217
52758	8856609	5303174	7563	0	198	99329	-219
52759	8856446	5303190	7832	0	198	99342	-230
52760	8856272	5303206	8109	0	198	99344	-232
52761	8856088	5303223	8072	0	198	99339	-227
52762	8855892	5303240	8252	0	198	99344	-232
52763	8855688	5303257	8321	0	198	99338	-227
52764	8855477	5303275	8561	0	198	99339	-227
52765	8855258	5303292	8774	0	199	99347	-234
52766	8855032	5303310	8763	0	199	99345	-233
52767	8854799	5303327	8815	0	199	99338	-227
52768	8854565	5303344	8304	0	199	99330	-220
52769	8854329	5303360	8293	0	199	99333	-222
52770	8854094	5303377	8204	0	199	99327	-217
52771	8853860	5303393	8159	0	199	99326	-216
52772	8853627	5303408	7724	0	199	99321	-212
52773	8853397	5303422	7541	0	199	99316	-208
52774	8853170	5303436	7313	0	199	99319	-210
52775	8852946	5303450	7209	0	199	99307	-200
52776	8852723	5303463	7263	0	199	99315	-207
52777	8852501	5303475	7219	0	199	99315	-207
52778	8852281	5303488	7074	0	199	99316	-208
52779	8852060	5303501	7113	0	199	99310	-203
52780	8851840	5303514	7091	0	199	99315	-207
52781	8851620	5303526	7076	0	199	99320	-211
52782	8851399	5303539	7107	0	199	99325	-216
52783	8851179	5303551	7141	0	199	99321	-212
52784	8850960	5303563	7132	0	199	99321	-212
52785	8850739	5303576	7141	0	200	99333	-222
52786	8850518	5303589	7330	0	200	99335	-224
52787	8850295	5303601	7365	0	200	99336	-225
52788	8850071	5303613	7376	0	200	99341	-229
52789	8849845	5303626	7404	0	200	99349	-236
52790	8849617	5303639	7359	0	200	99354	-240
52791	8849390	5303652	7354	0	200	99358	-244
52792	8849160	5303664	7378	0	200	99362	-247
52793	8848933	5303677	7376	0	200	99361	-246
52794	8848705	5303689	7374	0	200	99367	-251
52795	8848477	5303702	7307	0	200	99366	-250
52796	8848250	5303715	7335	0	200	99367	-251
52797	8848024	5303727	7317	0	200	99373	-256
52798	8847803	5303739	7283	0	200	99376	-259
52799	8847586	5303750	6865	0	201	99375	-258
52800	8847373	5303763	6815	0	200	99371	-255
52801	8847165	5303774	6852	0	201	99382	-264
52802	8846962	5303786	6737	0	201	99383	-265
52803	8846763	5303797	6365	0	201	99386	-267
52804	8846567	5303808	6150	0	201	99383	-265
52805	8846377	5303819	5768	0	201	99391	-272
52806	8846195	5303830	5430	0	201	99399	-278
52807	8846024	5303840	5135	0	201	99395	-275
52808	8845863	5303849	4730	0	201	99392	-272
52809	8845716	5303858	4478	0	201	99392	-272
52810	8845575	5303866	4254	0	201	99400	-279
52811	8845444	5303874	4174	0	201	99392	-272
52812	8845316	5303881	4102	0	201	99399	-278
52813	8845190	5303888	4033	0	201	99404	-283
52814	8845068	5303894	3931	0	201	99397	-277
52815	8844948	5303901	3918	0	201	99396	-276
52816	8844834	5303908	3841	0	201	99397	-277
52817	8844725	5303914	3713	0	201	99393	-273
52818	8844617	5303921	3555	0	201	99396	-276
52819	8844513	5303928	3379	0	201	99385	-267
52820	8844411	5303933	3341	0	202	99380	-262
52821	8844311	5303940	3437	0	202	99377	-260
52822	8844212	5303946	3452	0	201	99373	-256
52823	8844110	5303951	3413	0	202	99375	-258
52824	8844009	5303957	3255	0	202	99370	-254
52825	8843911	5303963	3000	0	202	99380	-262
52826	8843817	5303968	2798	0	202	99375	-258
52827	8843728	5303973	2566	0	202	99370	-254
52828	8843648	5303978	2137	0	202	99368	-252
52829	8843578	5303982	1909	0	202	99369	-253
52830	8843517	5303986	1646	0	202	99364	-249
52831	8843465	5303989	1535	0	202	99363	-248
52832	8843416	5303991	1337	0	202	99369	-253
52833	8843373	5303993	1140	0	202	99362	-247
52834	8843334	5303996	1107	0	202	99361	-246
52835	8843301	5303998	1105	0	202	99359	-244
52836	8843269	5303999	1214	0	202	99366	-250
52837	8843238	5304002	1270	0	202	99359	-244
52838	8843203	5304003	1264	0	203	99359	-244
52839	8843164	5304005	1229	0	203	99357	-243
52840	8843124	5304007	1187	0	203	99357	-243
52841	8843082	5304009	1150	0	203	99356	-242
52842	8843042	5304011	1146	0	203	99353	-239
52843	8843002	5304012	1155	0	203	99355	-241
52844	8842966	5304014	1163	0	203	99347	-234
52845	8842930	5304016	1072	0	203	99347	-234
52846	8842896	5304018	1164	0	203	99348	-235
52847	8842861	5304020	1270	0	203	99351	-238
52848	8842826	5304022	1427	0	204	99350	-237
52849	8842786	5304024	1683	0	204	99342	-230
52850	8842741	5304027	1985	0	204	99341	-229
52851	8842688	5304030	2183	0	204	99348	-235
52852	8842627	5304033	2268	0	204	99346	-233
52853	8842561	5304036	2376	0	204	99345	-233
52854	8842492	5304040	2255	0	204	99347	-234
52855	8842421	5304044	2261	0	204	99343	-231
52856	8842352	5304048	2020	0	204	99350	-237
52857	8842287	5304052	1659	0	204	99352	-239
52858	8842229	5304055	1146	0	204	99349	-236
52859	8842181	5304058	757	0	205	99344	-232
52860	8842146	5304060	33	0	205	99344	-232
52861	8842124	5304061	11	0	205	99348	-235
52862	8842113	5304062	5	0	205	99350	-237
52863	8842110	5304062	1	0	205	99352	-239
52864	8842110	5304063	3	0	205	99346	-233
52865	8842111	5304064	3	0	205	99345	-233
52866	8842110	5304064	20	0	205	99340	-228
52867	8842108	5304063	9	0	205	99345	-233
52868	8842106	5304063	3	0	206	99347	-234
52869	8842104	5304063	11	0	206	99346	-233
52870	8842102	5304063	11	0	206	99348	-235
52871	8842102	5304064	9	0	206	99342	-230
52872	8842104	5304064	9	0	206	99350	-237
52873	8842106	5304064	7	0	206	99343	-231
52874	8842107	5304064	5	0	206	99351	-238
52875	8842107	5304064	1	0	206	99351	-238
52876	8842107	5304064	3	0	206	99350	-237
52877	8842105	5304064	3	0	206	99343	-231
52878	8842105	5304064	11	0	206	99346	-233
52879	8842104	5304064	11	0	206	99346	-233
52880	8842102	5304064	3	0	206	99350	-237
52881	8842100	5304064	7	0	206	99344	-232
52882	8842098	5304064	0	0	207	99350	-237
52883	8842098	5304064	0	0	207	99349	-236
52884	8842098	5304064	3	0	207	99344	-232
52885	8842098	5304064	33	0	207	99343	-231
52886	8842097	5304064	51	0	207	99347	-234
52887	8842097	5304064	46	0	207	99348	-235
52888	8842098	5304064	83	0	207	99351	-238
52889	8842098	5304064	42	0	207	99348	-235
52890	8842098	5304064	62	0	207	99344	-232
52891	8842096	5304064	114	0	207	99349	-236
52892	8842094	5304064	101	0	207	99347	-234
52893	8842093	5304065	22	0	207	99345	-233
52894	8842091	5304065	59	0	208	99344	-232
52895	8842089	5304065	70	0	208	99344	-232
52896	8842089	5304065	16	0	208	99349	-236
52897	8842089	5304064	83	0	208	99341	-229
52898	8842089	5304065	40	0	208	99341	-229
52899	8842090	5304065	105	0	208	99343	-231
52900	8842091	5304065	25	0	208	99342	-230
52901	8842092	5304065	27	0	208	99349	-236
52902	8842092	5304065	46	0	208	99343	-231
52903	8842092	5304065	35	0	208	99345	-233
52904	8842093	5304065	83	0	208	99346	-233
52905	8842091	5304065	0	0	208	99343	-231
52906	8842091	5304065	0	0	209	99351	-238
52907	8842090	5304065	0	0	209	99343	-231
52908	8842086	5304065	748	0	209	99343	-231
52909	8842077	5304065	1079	0	209	99353	-239
52910	8842058	5304066	1481	0	209	99347	-234
52911	8842028	5304067	1601	0	209	99348	-235
52912	8841988	5304069	1757	0	209	99342	-230
52913	8841935	5304071	2020	0	209	99344	-232
52914	8841873	5304073	2305	0	209	99347	-234
52915	8841800	5304076	2515	0	209	99352	-239
52916	8841716	5304079	2646	0	209	99353	-239
52917	8841623	5304082	2737	0	209	99344	-232
52918	8841525	5304086	2570	0	209	99346	-233
52919	8841425	5304088	2463	0	210	99345	-233
52920	8841324	5304089	2642	0	210	99340	-228
52921	8841223	5304088	3070	0	210	99342	-230
52922	8841128	5304085	3205	0	210	99344	-232
52923	8841046	5304080	3539	0	210	99343	-231
52924	8840978	5304072	4042	0	210	99338	-227
52925	8840922	5304062	4185	0	210	99334	-223
52926	8840876	5304052	4418	0	210	99334	-223
52927	8840830	5304041	4663	0	210	99336	-225
52928	8840779	5304030	4883	0	210	99329	-219
52929	8840722	5304019	5261	0	210	99336	-225
52930	8840654	5304007	5300	0	211	99343	-231
52931	8840576	5303995	5309	0	211	99341	-229
52932	8840485	5303982	5448	0	211	99340	-228
52933	8840380	5303971	5002	0	211	99340	-228
52934	8840264	5303960	4928	0	211	99340	-228
52935	8840139	5303949	4941	0	211	99349	-236
52936	8840010	5303940	4800	0	211	99343	-231
52937	8839880	5303930	4835	0	211	99350	-237
52938	8839752	5303921	4646	0	211	99362	-247
52939	8839628	5303912	4511	0	211	99369	-253
52940	8839505	5303902	4579	0	211	99377	-260
52941	8839387	5303894	4468	0	211	99382	-264
52942	8839270	5303885	4302	0	211	99384	-266
52943	8839153	5303877	4120	0	211	99385	-267
52944	8839038	5303869	3766	0	211	99394	-274
52945	8838924	5303862	3702	0	211	99391	-272
52946	8838816	5303856	3498	0	211	99397	-277
52947	8838712	5303850	3324	0	211	99399	-278
52948	8838612	5303844	3172	0	211	99399	-278
52949	8838512	5303838	2924	0	211	99405	-283
52950	8838413	5303834	2766	0	211	99400	-279
52951	8838312	5303829	2505	0	211	99408	-286
52952	8838213	5303826	2290	0	211	99407	-285
52953	8838118	5303822	2157	0	211	99407	-285
52954	8838031	5303819	1844	0	211	99406	-284
52955	8837955	5303816	1370	0	211	99411	-289
52956	8837895	5303814	787	0	211	99406	-284
52957	8837851	5303812	540	0	211	99414	-291
52958	8837825	5303811	5	0	211	99411	-289
52959	8837810	5303811	1	0	211	99410	-288
52960	8837803	5303811	7	0	212	99410	-288
52961	8837799	5303811	9	0	211	99405	-283
52962	8837796	5303810	7	0	212	99411	-289
52963	8837794	5303810	7	0	211	99405	-283
52964	8837793	5303809	7	0	211	99403	-282
52965	8837794	5303809	7	0	212	99411	-289
52966	8837795	5303809	7	0	212	99406	-284
52967	8837795	5303809	7	0	212	99406	-284
52968	8837795	5303809	5	0	212	99407	-285
52969	8837794	5303808	5	0	212	99408	-286
52970	8837793	5303808	3	0	212	99403	-282
52971	8837792	5303808	1	0	212	99404	-283
52972	8837791	5303808	0	0	212	99406	-284
52973	8837791	5303808	1	0	212	99410	-288
52974	8837791	5303808	1	0	212	99408	-286
52975	8837791	5303808	0	0	212	99405	-283
52976	8837792	5303808	3	0	212	99405	-283
52977	8837793	5303808	3	0	212	99416	-293
52978	8837793	5303808	3	0	212	99408	-286
52979	8837795	5303808	3	0	212	99407	-285
52980	8837795	5303808	1	0	212	99408	-286
52981	8837797	5303809	3	0	212	99410	-288
52982	8837799	5303809	18	0	212	99410	-288
52983	8837799	5303809	33	0	212	99406	-284
52984	8837800	5303809	66	0	212	99411	-289
52985	8837800	5303809	51	0	212	99407	-285
52986	8837799	5303809	42	0	212	99406	-284
52987	8837799	5303809	55	0	212	99405	-283
52988	8837798	5303809	66	0	212	99406	-284
52989	8837797	5303809	53	0	212	99407	-285
52990	8837796	5303809	38	0	212	99403	-282
52991	8837795	5303809	40	0	212	99412	-289
52992	8837793	5303810	68	0	212	99410	-288
52993	8837793	5303810	98	0	212	99411	-289
52994	8837791	5303810	340	0	212	99408	-286
52995	8837787	5303810	550	0	212	99417	-294
52996	8837772	5303810	976	0	212	99412	-289
52997	8837746	5303809	1194	0	212	99408	-286
52998	8837704	5303809	1381	0	212	99411	-289
52999	8837650	5303808	1442	0	212	99409	-287
53000	8837592	5303806	1498	0	212	99413	-290
53001	8837530	5303805	1555	0	212	99410	-288
53002	8837468	5303803	1705	0	212	99407	-285
53003	8837402	5303802	1692	0	212	99406	-284
53004	8837334	5303802	1694	0	212	99408	-286
53005	8837261	5303804	2176	0	212	99400	-279
53006	8837179	5303806	2685	0	212	99403	-282
53007	8837088	5303809	2857	0	212	99402	-281
53008	8836987	5303813	2852	0	212	99405	-283
53009	8836878	5303817	3065	0	212	99405	-283
53010	8836765	5303822	3435	0	212	99404	-283
53011	8836649	5303828	3598	0	212	99399	-278
53012	8836529	5303834	3539	0	212	99406	-284
53013	8836407	5303839	3487	0	212	99401	-280
53014	8836285	5303845	3491	0	212	99403	-282
53015	8836164	5303851	3605	0	212	99402	-281
53016	8836042	5303856	3648	0	212	99405	-283
53017	8835920	5303863	3878	0	212	99401	-280
53018	8835800	5303869	3954	0	212	99399	-278
53019	8835677	5303876	4039	0	212	99403	-282
53020	8835552	5303883	3978	0	212	99397	-277
53021	8835426	5303891	3970	0	212	99404	-283
53022	8835299	5303898	3918	0	212	99400	-279
53023	8835173	5303904	3916	0	212	99401	-280
53024	8835047	5303912	3831	0	212	99401	-280
53025	8834924	5303918	3794	0	212	99408	-286
53026	8834800	5303924	3798	0	212	99406	-284
53027	8834676	5303930	3655	0	212	99404	-283
53028	8834551	5303936	3644	0	212	99405	-283
53029	8834427	5303942	3641	0	212	99404	-283
53030	8834303	5303947	3591	0	212	99400	-279
53031	8834181	5303952	3431	0	212	99401	-280
53032	8834061	5303957	3376	0	212	99405	-283
53033	8833942	5303962	3207	0	212	99405	-283
53034	8833826	5303967	3215	0	212	99405	-283
53035	8833710	5303972	3105	0	212	99405	-283
53036	8833599	5303977	2922	0	212	99402	-281
53037	8833493	5303981	2566	0	212	99411	-289
53038	8833395	5303985	2077	0	212	99406	-284
53039	8833321	5303989	1496	0	212	99407	-285
53040	8833267	5303992	1301	0	212	99413	-290
53041	8833241	5303995	1350	0	212	99410	-288
53042	8833238	5303997	1403	0	212	99409	-287
53043	8833247	5304001	1433	0	212	99415	-292
53044	8833270	5304004	1440	0	212	99411	-289
53045	8833302	5304007	1492	0	212	99408	-286
53046	8833338	5304009	1592	0	212	99413	-290
53047	8833379	5304013	1661	0	212	99412	-289
53048	8833420	5304016	1507	0	212	99413	-290
53049	8833458	5304019	1513	0	212	99412	-289
53050	8833489	5304022	1411	0	212	99414	-291
53051	8833513	5304026	1340	0	212	99421	-297
53052	8833527	5304030	1200	0	212	99412	-289
53053	8833538	5304033	1213	0	212	99409	-287
53054	8833549	5304036	1314	0	212	99410	-288
53055	8833563	5304039	1570	0	212	99411	-289
53056	8833584	5304043	1746	0	212	99411	-289
53057	8833608	5304046	1833	0	212	99409	-287
53058	8833637	5304050	1637	0	212	99414	-291
53059	8833673	5304054	1505	0	212	99411	-289
53060	8833711	5304057	1501	0	212	99413	-290
53061	8833750	5304060	1607	0	212	99406	-284
53062	8833787	5304064	1616	0	212	99405	-283
53063	8833824	5304068	1694	0	212	99402	-281
53064	8833858	5304072	1559	0	212	99393	-273
53065	8833889	5304075	1418	0	212	99393	-273
53066	8833919	5304080	1261	0	212	99391	-272
53067	8833945	5304084	1207	0	212	99391	-272
53068	8833969	5304088	1079	0	212	99392	-272
53069	8833988	5304093	977	0	212	99388	-269
53070	8834005	5304095	900	0	212	99391	-272
53071	8834019	5304098	820	0	212	99388	-269
53072	8834030	5304101	857	0	212	99392	-272
53073	8834041	5304103	772	0	212	99392	-272
53074	8834054	5304106	937	0	212	99393	-273
53075	8834068	5304108	866	0	212	99395	-275
53076	8834084	5304110	674	0	212	99397	-277
53077	8834098	5304113	487	0	212	99390	-271
53078	8834108	5304114	370	0	212	99398	-278
53079	8834116	5304115	22	0	212	99394	-274
53080	8834124	5304116	20	0	212	99385	-267
53081	8834131	5304117	11	0	212	99393	-273
53082	8834137	5304117	9	0	212	99391	-272
53083	8834143	5304118	9	0	212	99394	-274
53084	8834146	5304118	5	0	212	99394	-274
53085	8834148	5304118	0	0	212	99394	-274
53086	8834150	5304118	0	0	212	99392	-272
53087	8834150	5304119	0	0	212	99397	-277
53088	8834151	5304119	0	0	212	99388	-269
53089	8834151	5304119	0	0	212	99390	-271
53090	8834151	5304119	0	0	212	99394	-274
53091	8834151	5304119	0	0	212	99396	-276
53092	8834151	5304119	0	0	212	99396	-276
53093	8834151	5304119	0	0	212	99395	-275
53094	8834151	5304119	0	0	212	99392	-272
53095	8834150	5304119	174	0	212	99399	-278
53096	8834147	5304119	238	0	212	99391	-272
53097	8834142	5304119	231	0	212	99399	-278
53098	8834135	5304119	212	0	212	99388	-269
53099	8834126	5304118	209	0	212	99395	-275
53100	8834118	5304118	270	0	212	99386	-267
53101	8834108	5304118	333	0	212	99388	-269
53102	8834098	5304118	444	0	212	99392	-272
53103	8834085	5304118	505	0	212	99389	-270
53104	8834066	5304120	516	0	212	99393	-273
53105	8834045	5304123	509	0	212	99389	-270
53106	8834019	5304126	511	0	212	99390	-271
53107	8833987	5304129	505	0	212	99391	-272
53108	8833952	5304132	553	0	212	99396	-276
53109	8833919	5304135	501	0	212	99395	-275
53110	8833890	5304139	464	0	212	99395	-275
53111	8833866	5304142	464	0	212	99394	-274
53112	8833850	5304144	394	0	212	99392	-272
53113	8833834	5304146	112	0	212	99394	-274
53114	8833819	5304147	109	0	212	99395	-275
