37986	994356	5155782	18	0
37987	994357	5155781	16	0
37988	994355	5155781	42	0
37989	994355	5155781	62	0
37990	994355	5155780	75	0
37991	994354	5155779	75	0
37992	994354	5155779	55	0
37993	994355	5155779	44	0
37994	994354	5155779	42	0
37995	994353	5155779	94	0
37996	994353	5155779	70	0
37997	994354	5155779	31	0
37998	994355	5155779	35	0
37999	994355	5155780	51	0
38000	994355	5155779	48	0
38001	994355	5155780	77	0
38002	994356	5155780	64	0
38003	994356	5155780	100	0
38004	994357	5155780	122	0
38005	994358	5155779	127	0
38006	994358	5155779	201	0
38007	994358	5155778	235	0
38008	994359	5155777	238	0
38009	994358	5155776	288	0
38010	994358	5155774	322	0
38011	994358	5155774	296	0
38012	994358	5155773	298	0
38013	994359	5155772	285	0
38014	994360	5155770	294	0
38015	994361	5155769	329	0
38016	994363	5155765	388	0
38017	994364	5155764	364	0
38018	994366	5155762	368	0
38019	994367	5155761	348	0
38020	994368	5155761	320	0
38021	994369	5155762	337	0
38022	994371	5155762	329	0
38023	994372	5155762	344	0
38024	994374	5155762	311	0
38025	994375	5155762	274	0
38026	994377	5155762	318	0
38027	994379	5155761	377	0
38028	994382	5155761	400	0
38029	994384	5155761	403	0
38030	994386	5155761	396	0
38031	994388	5155760	385	0
38032	994389	5155760	368	0
38033	994391	5155760	359	0
38034	994393	5155760	379	0
38035	994395	5155760	401	0
38036	994398	5155759	461	0
38037	994399	5155759	451	0
38038	994402	5155758	483	0
38039	994405	5155758	533	0
38040	994407	5155758	481	0
38041	994407	5155758	481	0
38042	994410	5155758	429	0
38043	994413	5155758	457	0
38044	994413	5155758	457	0
38045	994417	5155757	450	0
38046	994419	5155757	463	0
38047	994421	5155757	474	0
38048	994424	5155756	468	0
38049	994425	5155756	444	0
38050	994427	5155756	437	0
38051	994429	5155756	375	0
38052	994431	5155755	422	0
38053	994432	5155755	364	0
38054	994434	5155755	359	0
38055	994435	5155755	327	0
38056	994437	5155755	309	0
38057	994440	5155755	375	0
38058	994442	5155754	405	0
38059	994445	5155754	401	0
38060	994447	5155754	405	0
38061	994449	5155753	435	0
38062	994451	5155753	435	0
38063	994453	5155753	455	0
38064	994455	5155753	487	0
38065	994457	5155753	453	0
38066	994459	5155753	433	0
38067	994461	5155753	461	0
38068	994464	5155752	490	0
38069	994466	5155752	524	0
38070	994469	5155752	509	0
38071	994471	5155752	479	0
38072	994473	5155752	464	0
38073	994475	5155752	422	0
38074	994476	5155752	390	0
38075	994479	5155752	398	0
38076	994481	5155752	396	0
38077	994483	5155752	392	0
38078	994485	5155752	425	0
38079	994488	5155752	466	0
38080	994491	5155752	527	0
38081	994493	5155752	531	0
38082	994496	5155752	514	0
38083	994498	5155752	524	0
38084	994500	5155752	501	0
38085	994502	5155752	444	0
38086	994504	5155752	438	0
38087	994507	5155752	472	0
38088	994508	5155752	457	0
38089	994510	5155752	466	0
38090	994512	5155752	438	0
38091	994513	5155752	418	0
38092	994516	5155752	451	0
38093	994518	5155752	464	0
38094	994521	5155752	488	0
38095	994523	5155752	498	0
38096	994526	5155752	522	0
38097	994528	5155752	524	0
38098	994530	5155752	522	0
38099	994532	5155752	487	0
38100	994534	5155752	474	0
38101	994536	5155752	475	0
38102	994538	5155752	483	0
38103	994540	5155752	483	0
38104	994542	5155752	475	0
38105	994545	5155752	487	0
38106	994547	5155752	501	0
38107	994548	5155752	470	0
38108	994551	5155752	488	0
38109	994553	5155751	492	0
38110	994554	5155751	466	0
38111	994556	5155751	457	0
38112	994558	5155751	475	0
38113	994560	5155750	455	0
38114	994563	5155748	483	0
38115	994566	5155748	485	0
38116	994569	5155748	485	0
38117	994573	5155747	481	0
38118	994575	5155747	483	0
38119	994578	5155747	474	0
38120	994582	5155736	505	0
38121	994581	5155725	540	0
38122	994581	5155715	659	0
38123	994581	5155704	590	0
38124	994586	5155698	561	0
38125	994589	5155696	540	0
38126	994592	5155693	518	0
38127	994595	5155691	394	0
38128	994598	5155690	364	0
38129	994600	5155685	225	0
38130	994603	5155679	183	0
38131	994607	5155676	311	0
38132	994612	5155674	398	0
38133	994619	5155672	425	0
38134	994625	5155673	420	0
38135	994630	5155673	459	0
38136	994633	5155674	418	0
38137	994637	5155674	422	0
38138	994641	5155675	461	0
38139	994644	5155674	453	0
38140	994646	5155673	411	0
38141	994647	5155673	398	0
38142	994649	5155674	425	0
38143	994649	5155677	427	0
38144	994651	5155678	420	0
38145	994653	5155679	414	0
38146	994655	5155679	418	0
38147	994658	5155678	396	0
38148	994661	5155679	387	0
38149	994663	5155681	412	0
38150	994667	5155683	446	0
38151	994668	5155686	440	0
38152	994669	5155692	440	0
38153	994681	5155716	400	0
38154	994688	5155737	394	0
38155	994683	5155740	377	0
38156	994684	5155747	377	0
38157	994683	5155752	414	0
38158	994683	5155755	403	0
38159	994683	5155758	420	0
38160	994682	5155764	418	0
38161	994683	5155766	444	0
38162	994683	5155766	451	0
38163	994684	5155768	475	0
38164	994684	5155768	464	0
38165	994685	5155768	468	0
38166	994686	5155769	466	0
38167	994687	5155770	479	0
38168	994688	5155771	459	0
38169	994689	5155772	463	0
38170	994690	5155772	459	0
38171	994691	5155773	481	0
38172	994692	5155773	483	0
38173	994693	5155774	466	0
38174	994692	5155775	457	0
38175	994692	5155776	438	0
38176	994692	5155777	431	0
38177	994693	5155778	412	0
38178	994692	5155780	405	0
38179	994691	5155782	388	0
38180	994690	5155783	324	0
38181	994689	5155784	327	0
38182	994689	5155786	305	0
38183	994688	5155787	268	0
38184	994685	5155791	333	0
38185	994684	5155793	312	0
38186	994684	5155794	329	0
38187	994683	5155795	346	0
38188	994683	5155797	237	0
38189	994682	5155798	222	0
38190	994681	5155800	198	0
38191	994680	5155801	181	0
38192	994680	5155802	192	0
38193	994679	5155804	159	0
38194	994678	5155806	166	0
38195	994678	5155807	131	0
38196	994677	5155809	174	0
38197	994678	5155810	190	0
38198	994679	5155811	138	0
38199	994679	5155811	131	0
38200	994680	5155813	129	0
38201	994681	5155813	172	0
38202	994680	5155814	155	0
38203	994681	5155814	170	0
38204	994681	5155815	209	0
38205	994680	5155817	324	0
38206	994680	5155818	350	0
38207	994680	5155820	409	0
38208	994679	5155821	433	0
38209	994678	5155823	446	0
38210	994677	5155824	527	0
38211	994677	5155826	572	0
38212	994677	5155827	444	0
38213	994676	5155828	405	0
38214	994676	5155829	420	0
38215	994676	5155830	546	0
38216	994675	5155831	500	0
38217	994674	5155832	546	0
38218	994674	5155832	459	0
38219	994674	5155833	463	0
38220	994674	5155834	253	0
38221	994674	5155834	377	0
38222	994674	5155835	442	0
38223	994674	5155835	353	0
38224	994674	5155836	359	0
38225	994675	5155837	409	0
38226	994675	5155838	390	0
38227	994674	5155839	455	0
38228	994675	5155840	418	0
38229	994675	5155842	416	0
38230	994678	5155843	407	0
38231	994679	5155844	442	0
38232	994681	5155845	431	0
38233	994682	5155847	414	0
38234	994686	5155849	396	0
38235	994685	5155851	412	0
38236	994686	5155852	422	0
38237	994687	5155853	501	0
38238	994686	5155856	616	0
38239	994685	5155858	651	0
38240	994686	5155860	353	0
38241	994685	5155861	418	0
38242	994685	5155862	377	0
38243	994684	5155863	448	0
38244	994684	5155864	396	0
38245	994683	5155865	359	0
38246	994682	5155866	425	0
38247	994682	5155867	485	0
38248	994682	5155868	337	0
38249	994681	5155869	412	0
38250	994681	5155870	324	0
38251	994681	5155871	340	0
38252	994682	5155871	277	0
38253	994681	5155872	385	0
38254	994680	5155874	429	0
38255	994679	5155875	400	0
38256	994679	5155876	440	0
38257	994679	5155877	479	0
38258	994679	5155877	463	0
38259	994679	5155879	420	0
38260	994678	5155880	414	0
38261	994678	5155881	414	0
38262	994677	5155884	550	0
38263	994676	5155885	433	0
38264	994675	5155887	418	0
38265	994675	5155888	420	0
38266	994674	5155890	461	0
38267	994673	5155892	379	0
38268	994673	5155894	377	0
38269	994672	5155895	418	0
38270	994672	5155897	375	0
38271	994672	5155899	435	0
38272	994671	5155901	381	0
38273	994670	5155904	524	0
38274	994670	5155907	374	0
38275	994672	5155908	340	0
38276	994674	5155909	288	0
38277	994675	5155912	301	0
38278	994677	5155913	318	0
38279	994678	5155914	146	0
38280	994679	5155914	142	0
38281	994679	5155916	181	0
38282	994679	5155916	283	0
38283	994680	5155917	157	0
38284	994680	5155918	329	0
38285	994679	5155919	440	0
38286	994678	5155919	312	0
38287	994677	5155920	337	0
38288	994677	5155921	370	0
38289	994677	5155921	296	0
38290	994676	5155922	309	0
38291	994675	5155924	511	0
38292	994673	5155925	453	0
38293	994671	5155926	555	0
38294	994671	5155927	509	0
38295	994672	5155928	422	0
38296	994672	5155929	437	0
38297	994671	5155930	507	0
38298	994671	5155931	503	0
38299	994670	5155933	583	0
38300	994670	5155934	555	0
38301	994669	5155935	609	0
38302	994669	5155937	496	0
38303	994669	5155938	561	0
38304	994668	5155939	461	0
38305	994668	5155940	544	0
38306	994667	5155942	653	0
38307	994665	5155943	650	0
38308	994665	5155945	551	0
38309	994666	5155945	444	0
38310	994666	5155946	387	0
38311	994666	5155947	274	0
38312	994667	5155947	294	0
38313	994667	5155948	366	0
38314	994667	5155949	296	0
38315	994667	5155949	348	0
38316	994667	5155950	370	0
38317	994667	5155951	362	0
38318	994666	5155952	305	0
38319	994667	5155953	240	0
38320	994667	5155953	288	0
38321	994667	5155954	325	0
38322	994677	5155955	74	0
38323	994678	5155955	103	0
38324	994678	5155955	96	0
38325	994680	5155955	187	0
38326	994682	5155955	162	0
38327	994682	5155955	120	0
38328	994682	5155955	294	0
38329	994682	5155955	277	0
38330	994681	5155955	222	0
38331	994680	5155955	200	0
38332	994679	5155955	135	0
38333	994677	5155955	148	0
38334	994676	5155956	161	0
38335	994676	5155956	196	0
38336	994675	5155956	262	0
38337	994674	5155955	287	0
38338	994673	5155955	294	0
38339	994671	5155955	312	0
38340	994669	5155956	333	0
38341	994667	5155956	394	0
38342	994661	5155958	481	0
38343	994658	5155959	437	0
38344	994656	5155959	314	0
38345	994654	5155960	300	0
38346	994651	5155960	364	0
38347	994650	5155960	311	0
38348	994648	5155961	255	0
38349	994647	5155961	187	0
38350	994645	5155961	235	0
38351	994644	5155960	246	0
38352	994641	5155959	283	0
38353	994639	5155959	255	0
38354	994638	5155959	174	0
38355	994637	5155960	166	0
38356	994635	5155960	242	0
38357	994633	5155959	262	0
38358	994627	5155958	424	0
38359	994624	5155956	442	0
38360	994621	5155956	427	0
38361	994619	5155956	425	0
38362	994616	5155956	424	0
38363	994615	5155955	353	0
38364	994611	5155954	300	0
38365	994609	5155954	203	0
38366	994607	5155953	172	0
38367	994607	5155953	137	0
38368	994606	5155954	148	0
38369	994606	5155954	155	0
38370	994605	5155954	118	0
38371	994604	5155954	148	0
38372	994604	5155954	129	0
38373	994603	5155954	103	0
38374	994603	5155954	98	0
38375	994603	5155954	24	0
38376	994602	5155954	74	0
38377	994602	5155954	168	0
38378	994601	5155956	242	0
38379	994600	5155957	318	0
38380	994599	5155959	388	0
38381	994598	5155960	398	0
38382	994598	5155961	420	0
38383	994597	5155962	416	0
38384	994597	5155963	400	0
38385	994597	5155964	357	0
38386	994597	5155964	357	0
38387	994597	5155967	392	0
38388	994597	5155969	394	0
38389	994597	5155970	390	0
38390	994598	5155971	370	0
38391	994598	5155972	342	0
38392	994598	5155973	364	0
38393	994599	5155974	398	0
38394	994600	5155975	405	0
38395	994601	5155976	381	0
38396	994601	5155977	381	0
38397	994601	5155978	331	0
38398	994602	5155979	364	0
38399	994603	5155980	362	0
38400	994604	5155981	337	0
38401	994604	5155981	337	0
38402	994607	5155982	312	0
38403	994607	5155983	294	0
38404	994609	5155984	288	0
38405	994610	5155984	266	0
38406	994611	5155985	305	0
38407	994612	5155987	296	0
38408	994613	5155987	307	0
38409	994613	5155988	268	0
38410	994614	5155989	264	0
38411	994614	5155990	266	0
38412	994614	5155991	259	0
38413	994613	5155991	281	0
38414	994613	5155993	320	0
38415	994614	5155993	324	0
38416	994614	5155995	320	0
38417	994616	5155996	314	0
38418	994617	5155997	283	0
38419	994617	5155998	257	0
38420	994617	5155998	242	0
38421	994618	5156001	240	0
38422	994619	5156003	242	0
38423	994619	5156004	261	0
38424	994620	5156005	259	0
38425	994620	5156007	259	0
38426	994623	5156009	342	0
38427	994623	5156010	340	0
38428	994624	5156011	346	0
38429	994625	5156013	375	0
38430	994626	5156014	362	0
38431	994627	5156015	335	0
38432	994627	5156016	301	0
38433	994627	5156017	307	0
38434	994627	5156018	312	0
38435	994628	5156019	290	0
38436	994629	5156021	307	0
38437	994629	5156022	322	0
38438	994630	5156024	362	0
38439	994631	5156025	381	0
38440	994633	5156027	392	0
38441	994633	5156029	435	0
38442	994633	5156030	431	0
38443	994634	5156031	429	0
38444	994635	5156033	437	0
38445	994636	5156034	409	0
38446	994637	5156035	407	0
38447	994638	5156036	407	0
38448	994639	5156037	429	0
38449	994641	5156039	451	0
38450	994642	5156040	431	0
38451	994643	5156041	412	0
38452	994644	5156042	396	0
38453	994644	5156043	374	0
38454	994645	5156044	401	0
38455	994647	5156047	496	0
38456	994648	5156049	503	0
38457	994649	5156050	492	0
38458	994650	5156052	509	0
38459	994651	5156054	479	0
38460	994651	5156056	468	0
38461	994652	5156057	474	0
38462	994653	5156059	468	0
38463	994654	5156060	477	0
38464	994655	5156061	457	0
38465	994656	5156063	474	0
38466	994657	5156064	446	0
38467	994657	5156065	405	0
38468	994658	5156066	392	0
38469	994658	5156067	387	0
38470	994658	5156069	361	0
38471	994659	5156069	322	0
38472	994658	5156070	294	0
38473	994659	5156071	290	0
38474	994660	5156072	316	0
38475	994661	5156074	355	0
38476	994662	5156075	359	0
38477	994662	5156077	405	0
38478	994663	5156078	411	0
38479	994664	5156080	409	0
38480	994665	5156082	437	0
38481	994666	5156083	416	0
38482	994667	5156085	448	0
38483	994668	5156086	370	0
38484	994668	5156087	298	0
38485	994668	5156088	275	0
38486	994668	5156088	255	0
38487	994668	5156089	244	0
38488	994669	5156090	261	0
38489	994668	5156091	279	0
38490	994670	5156094	420	0
38491	994671	5156095	424	0
38492	994672	5156097	420	0
38493	994672	5156098	390	0
38494	994672	5156100	403	0
38495	994673	5156101	385	0
38496	994674	5156103	418	0
38497	994674	5156104	425	0
38498	994676	5156106	477	0
38499	994678	5156108	468	0
38500	994679	5156110	477	0
38501	994679	5156111	438	0
38502	994680	5156113	429	0
38503	994682	5156114	433	0
38504	994683	5156115	394	0
38505	994683	5156117	379	0
38506	994684	5156118	351	0
38507	994685	5156120	392	0
38508	994685	5156121	412	0
38509	994684	5156123	438	0
38510	994684	5156125	444	0
38511	994684	5156126	453	0
38512	994684	5156127	461	0
38513	994684	5156128	416	0
38514	994684	5156130	448	0
38515	994684	5156131	468	0
38516	994684	5156133	438	0
38517	994684	5156135	494	0
38518	994684	5156136	451	0
38519	994685	5156137	474	0
38520	994685	5156139	472	0
38521	994685	5156140	463	0
38522	994685	5156141	457	0
38523	994685	5156143	450	0
38524	994685	5156144	453	0
38525	994685	5156145	455	0
38526	994686	5156147	470	0
38527	994686	5156148	487	0
38528	994686	5156149	487	0
38529	994686	5156151	492	0
38530	994687	5156152	487	0
38531	994686	5156154	488	0
38532	994685	5156156	488	0
38533	994685	5156157	459	0
38534	994685	5156159	446	0
38535	994684	5156160	464	0
38536	994684	5156161	472	0
38537	994683	5156163	481	0
38538	994683	5156165	501	0
38539	994683	5156167	496	0
38540	994682	5156168	520	0
38541	994681	5156169	509	0
38542	994680	5156171	503	0
38543	994679	5156175	514	0
38544	994677	5156176	527	0
38545	994676	5156178	514	0
38546	994676	5156180	514	0
38547	994675	5156181	483	0
38548	994675	5156182	485	0
38549	994674	5156184	488	0
38550	994673	5156185	496	0
38551	994672	5156186	468	0
38552	994671	5156188	444	0
38553	994670	5156188	383	0
38554	994670	5156189	246	0
38555	994670	5156189	198	0
38556	994670	5156189	135	0
38557	994670	5156189	101	0
38558	994670	5156190	79	0
38559	994670	5156190	53	0
38560	994670	5156190	64	0
38561	994670	5156190	57	0
38562	994670	5156190	66	0
38563	994670	5156190	50	0
38564	994669	5156190	64	0
38565	994669	5156190	55	0
38566	994669	5156191	50	0
38567	994669	5156191	81	0
38568	994669	5156191	68	0
38569	994669	5156191	120	0
38570	994668	5156191	146	0
38571	994667	5156191	216	0
38572	994666	5156191	222	0
38573	994665	5156191	246	0
38574	994663	5156191	283	0
38575	994662	5156191	309	0
38576	994660	5156190	351	0
38577	994658	5156189	440	0
38578	994655	5156189	496	0
38579	994653	5156188	516	0
38580	994651	5156188	455	0
38581	994649	5156188	481	0
38582	994647	5156187	422	0
38583	994645	5156187	377	0
38584	994644	5156186	335	0
38585	994642	5156186	231	0
38586	994641	5156185	361	0
38587	994639	5156185	381	0
38588	994637	5156185	351	0
38589	994635	5156184	379	0
38590	994634	5156184	298	0
38591	994632	5156184	292	0
38592	994631	5156184	229	0
38593	994630	5156184	183	0
38594	994628	5156184	259	0
38595	994627	5156184	261	0
38596	994624	5156183	283	0
38597	994621	5156183	311	0
38598	994619	5156183	301	0
38599	994617	5156182	277	0
38600	994616	5156182	261	0
38601	994614	5156182	277	0
38602	994612	5156181	270	0
38603	994610	5156181	253	0
38604	994609	5156181	251	0
38605	994607	5156181	262	0
38606	994605	5156181	257	0
38607	994603	5156181	255	0
38608	994601	5156181	235	0
38609	994598	5156180	285	0
38610	994594	5156180	392	0
38611	994591	5156180	403	0
38612	994589	5156180	394	0
38613	994586	5156180	433	0
38614	994584	5156180	453	0
38615	994580	5156179	514	0
38616	994578	5156179	520	0
38617	994575	5156180	516	0
38618	994573	5156180	501	0
38619	994571	5156180	494	0
38620	994569	5156180	487	0
38621	994567	5156180	468	0
38622	994565	5156179	448	0
38623	994564	5156179	418	0
38624	994561	5156179	433	0
38625	994559	5156180	459	0
38626	994557	5156180	446	0
38627	994555	5156180	455	0
38628	994553	5156180	446	0
38629	994551	5156180	418	0
38630	994550	5156180	303	0
38631	994548	5156180	274	0
38632	994547	5156180	220	0
38633	994547	5156181	224	0
38634	994546	5156182	318	0
38635	994545	5156184	355	0
38636	994546	5156185	370	0
38637	994545	5156186	401	0
38638	994545	5156187	416	0
38639	994545	5156188	403	0
38640	994545	5156189	387	0
38641	994545	5156190	392	0
38642	994546	5156192	374	0
38643	994546	5156193	370	0
38644	994546	5156194	372	0
38645	994547	5156195	374	0
38646	994547	5156196	329	0
38647	994547	5156197	333	0
38648	994547	5156197	324	0
38649	994547	5156198	303	0
38650	994547	5156199	320	0
38651	994547	5156200	324	0
38652	994547	5156201	309	0
38653	994548	5156202	325	0
38654	994548	5156202	311	0
38655	994548	5156204	292	0
38656	994548	5156205	331	0
38657	994548	5156206	342	0
38658	994549	5156207	361	0
38659	994548	5156209	350	0
38660	994548	5156210	342	0
38661	994548	5156211	355	0
38662	994549	5156212	361	0
38663	994550	5156214	388	0
38664	994551	5156215	374	0
38665	994552	5156217	403	0
38666	994552	5156218	433	0
38667	994552	5156220	455	0
38668	994552	5156222	453	0
38669	994552	5156223	444	0
38670	994552	5156225	448	0
38671	994551	5156226	450	0
38672	994551	5156227	424	0
38673	994551	5156228	403	0
38674	994550	5156229	377	0
38675	994550	5156230	364	0
38676	994550	5156231	340	0
38677	994550	5156231	322	0
38678	994549	5156232	287	0
38679	994549	5156233	287	0
38680	994549	5156233	242	0
38681	994549	5156234	233	0
38682	994549	5156234	227	0
38683	994549	5156235	220	0
38684	994549	5156236	209	0
38685	994550	5156236	175	0
38686	994551	5156236	153	0
38687	994551	5156236	133	0
38688	994551	5156236	129	0
38689	994551	5156237	133	0
38690	994551	5156238	127	0
38691	994551	5156238	124	0
38692	994552	5156239	224	0
38693	994552	5156241	327	0
38694	994552	5156243	388	0
38695	994553	5156244	394	0
38696	994553	5156246	407	0
38697	994553	5156247	405	0
38698	994552	5156248	416	0
38699	994552	5156250	409	0
38700	994553	5156251	407	0
38701	994553	5156253	446	0
38702	994553	5156255	463	0
38703	994553	5156256	446	0
38704	994554	5156257	438	0
38705	994554	5156259	431	0
38706	994554	5156260	427	0
38707	994555	5156262	437	0
38708	994555	5156264	477	0
38709	994556	5156265	466	0
38710	994557	5156267	451	0
38711	994557	5156268	455	0
38712	994557	5156270	468	0
38713	994557	5156271	463	0
38714	994558	5156273	485	0
38715	994559	5156275	442	0
38716	994559	5156277	544	0
38717	994559	5156279	503	0
38718	994560	5156280	572	0
38719	994560	5156282	535	0
38720	994561	5156283	583	0
38721	994561	5156285	487	0
38722	994563	5156286	463	0
38723	994563	5156288	509	0
38724	994565	5156289	470	0
38725	994566	5156290	516	0
38726	994567	5156292	477	0
38727	994569	5156293	553	0
38728	994570	5156294	594	0
38729	994571	5156296	538	0
38730	994572	5156297	538	0
38731	994572	5156299	522	0
38732	994571	5156300	592	0
38733	994572	5156302	481	0
38734	994573	5156304	511	0
38735	994573	5156305	516	0
38736	994573	5156306	459	0
38737	994573	5156308	538	0
38738	994573	5156310	488	0
38739	994573	5156312	594	0
38740	994572	5156313	503	0
38741	994573	5156315	609	0
38742	994574	5156316	563	0
38743	994575	5156317	420	0
38744	994575	5156319	481	0
38745	994576	5156320	374	0
38746	994576	5156321	494	0
38747	994577	5156323	564	0
38748	994578	5156325	542	0
38749	994579	5156326	507	0
38750	994579	5156328	513	0
38751	994579	5156329	588	0
38752	994578	5156330	516	0
38753	994579	5156332	518	0
38754	994579	5156333	431	0
38755	994579	5156334	425	0
38756	994580	5156335	325	0
38757	994581	5156336	338	0
38758	994582	5156336	261	0
38759	994581	5156338	446	0
38760	994581	5156339	496	0
38761	994581	5156341	577	0
38762	994581	5156342	477	0
38763	994581	5156344	544	0
38764	994582	5156345	481	0
38765	994582	5156346	531	0
38766	994582	5156347	544	0
38767	994583	5156349	551	0
38768	994583	5156350	475	0
38769	994583	5156352	546	0
38770	994583	5156353	468	0
38771	994583	5156354	355	0
38772	994584	5156355	463	0
38773	994583	5156357	557	0
38774	994584	5156358	475	0
38775	994584	5156359	387	0
38776	994584	5156360	546	0
38777	994584	5156362	553	0
38778	994584	5156363	533	0
38779	994584	5156365	625	0
38780	994584	5156366	524	0
38781	994584	5156367	305	0
38782	994585	5156368	368	0
38783	994585	5156369	479	0
38784	994586	5156370	403	0
38785	994586	5156371	374	0
38786	994586	5156373	425	0
38787	994586	5156374	448	0
38788	994586	5156376	451	0
38789	994586	5156377	488	0
38790	994586	5156379	451	0
38791	994585	5156381	475	0
38792	994585	5156383	538	0
38793	994583	5156385	725	0
38794	994582	5156387	546	0
38795	994582	5156388	513	0
38796	994582	5156389	455	0
38797	994582	5156391	435	0
38798	994581	5156392	577	0
38799	994581	5156394	570	0
38800	994581	5156395	420	0
38801	994582	5156396	409	0
38802	994582	5156397	418	0
38803	994582	5156398	494	0
38804	994582	5156399	416	0
38805	994583	5156400	259	0
38806	994584	5156401	283	0
38807	994585	5156402	320	0
38808	994585	5156403	335	0
38809	994585	5156404	344	0
38810	994586	5156405	327	0
38811	994586	5156406	320	0
38812	994586	5156407	333	0
38813	994586	5156408	346	0
38814	994586	5156410	374	0
38815	994586	5156411	401	0
38816	994587	5156412	412	0
38817	994586	5156413	427	0
38818	994586	5156415	457	0
38819	994585	5156416	401	0
38820	994584	5156417	383	0
38821	994583	5156418	383	0
38822	994583	5156420	394	0
38823	994583	5156421	407	0
38824	994583	5156422	388	0
38825	994583	5156423	368	0
38826	994583	5156424	331	0
38827	994582	5156424	288	0
38828	994582	5156425	266	0
38829	994581	5156426	270	0
38830	994581	5156428	309	0
38831	994581	5156428	316	0
38832	994580	5156429	305	0
38833	994580	5156430	224	0
38834	994580	5156431	251	0
38835	994580	5156432	240	0
38836	994579	5156433	225	0
38837	994579	5156434	231	0
38838	994579	5156435	283	0
38839	994579	5156436	262	0
38840	994579	5156437	298	0
38841	994578	5156438	277	0
38842	994578	5156439	279	0
38843	994577	5156440	275	0
38844	994576	5156442	312	0
38845	994575	5156443	342	0
38846	994575	5156444	346	0
38847	994575	5156446	338	0
38848	994575	5156447	346	0
38849	994574	5156449	368	0
38850	994573	5156450	379	0
38851	994573	5156452	375	0
38852	994572	5156453	383	0
38853	994572	5156455	387	0
38854	994571	5156456	387	0
38855	994569	5156458	401	0
38856	994568	5156460	387	0
38857	994567	5156461	407	0
38858	994565	5156462	398	0
38859	994565	5156463	366	0
38860	994564	5156465	374	0
38861	994563	5156466	366	0
38862	994562	5156467	370	0
38863	994561	5156468	377	0
38864	994561	5156469	333	0
38865	994560	5156470	331	0
38866	994560	5156471	351	0
38867	994559	5156473	362	0
38868	994559	5156474	348	0
38869	994558	5156475	364	0
38870	994557	5156476	385	0
38871	994556	5156477	383	0
38872	994555	5156479	364	0
38873	994555	5156480	353	0
38874	994554	5156481	342	0
38875	994553	5156482	372	0
38876	994552	5156484	398	0
38877	994551	5156485	403	0
38878	994549	5156487	398	0
38879	994548	5156489	398	0
38880	994546	5156490	394	0
38881	994544	5156490	392	0
38882	994542	5156492	416	0
38883	994540	5156493	424	0
38884	994539	5156494	431	0
38885	994537	5156496	414	0
38886	994536	5156497	427	0
38887	994535	5156498	405	0
38888	994535	5156499	398	0
38889	994533	5156500	440	0
38890	994532	5156502	453	0
38891	994531	5156503	470	0
38892	994530	5156505	488	0
38893	994530	5156506	459	0
38894	994528	5156507	488	0
38895	994528	5156509	481	0
38896	994527	5156510	455	0
38897	994526	5156511	455	0
38898	994525	5156513	490	0
38899	994524	5156514	485	0
38900	994524	5156515	494	0
38901	994523	5156517	492	0
38902	994522	5156518	507	0
38903	994522	5156519	516	0
38904	994521	5156521	529	0
38905	994520	5156523	527	0
38906	994519	5156525	577	0
38907	994518	5156527	511	0
38908	994516	5156529	592	0
38909	994515	5156531	566	0
38910	994514	5156532	538	0
38911	994513	5156534	514	0
38912	994512	5156535	429	0
38913	994511	5156536	537	0
38914	994509	5156538	624	0
38915	994508	5156540	559	0
38916	994507	5156541	585	0
38917	994506	5156543	538	0
38918	994505	5156544	524	0
38919	994504	5156545	483	0
38920	994503	5156547	516	0
38921	994502	5156548	568	0
38922	994501	5156549	498	0
38923	994500	5156551	535	0
38924	994499	5156552	542	0
38925	994498	5156554	550	0
38926	994497	5156556	575	0
38927	994497	5156557	525	0
38928	994496	5156559	509	0
38929	994495	5156560	524	0
38930	994494	5156561	538	0
38931	994493	5156563	609	0
38932	994492	5156564	479	0
38933	994491	5156566	538	0
38934	994490	5156567	522	0
38935	994489	5156568	550	0
38936	994488	5156570	581	0
38937	994487	5156572	616	0
38938	994487	5156573	711	0
38939	994485	5156575	700	0
38940	994485	5156576	561	0
38941	994485	5156576	561	0
38942	994482	5156579	470	0
38943	994482	5156580	498	0
38944	994481	5156581	464	0
38945	994479	5156582	537	0
38946	994479	5156584	561	0
38947	994478	5156585	544	0
38948	994477	5156586	520	0
38949	994476	5156587	588	0
38950	994475	5156589	548	0
38951	994475	5156590	596	0
38952	994475	5156592	505	0
38953	994474	5156593	550	0
38954	994474	5156594	474	0
38955	994473	5156596	561	0
38956	994473	5156597	570	0
38957	994473	5156599	659	0
38958	994473	5156601	701	0
38959	994472	5156603	553	0
38960	994471	5156604	550	0
38961	994469	5156605	564	0
38962	994469	5156606	516	0
38963	994469	5156608	557	0
38964	994467	5156610	579	0
38965	994467	5156611	585	0
38966	994467	5156613	666	0
38967	994467	5156615	635	0
38968	994465	5156616	568	0
38969	994464	5156617	490	0
38970	994464	5156619	568	0
38971	994463	5156620	422	0
38972	994462	5156621	514	0
38973	994460	5156622	513	0
38974	994459	5156623	487	0
38975	994458	5156624	442	0
38976	994458	5156625	444	0
38977	994456	5156626	533	0
38978	994456	5156627	444	0
38979	994455	5156628	387	0
38980	994454	5156629	474	0
38981	994453	5156630	442	0
38982	994452	5156631	431	0
38983	994452	5156632	446	0
38984	994451	5156633	411	0
38985	994451	5156635	542	0
38986	994450	5156636	650	0
38987	994450	5156637	444	0
38988	994449	5156638	348	0
38989	994449	5156639	438	0
38990	994449	5156641	494	0
38991	994448	5156642	522	0
38992	994447	5156643	414	0
38993	994446	5156645	561	0
38994	994446	5156647	638	0
38995	994444	5156648	609	0
38996	994444	5156650	481	0
38997	994443	5156651	659	0
38998	994441	5156652	418	0
38999	994440	5156653	425	0
39000	994440	5156654	394	0
39001	994439	5156654	307	0
39002	994438	5156656	487	0
39003	994437	5156657	333	0
39004	994436	5156658	351	0
39005	994436	5156659	400	0
39006	994435	5156659	366	0
39007	994436	5156660	214	0
39008	994436	5156661	107	0
39009	994436	5156662	114	0
39010	994437	5156662	142	0
39011	994437	5156662	79	0
39012	994436	5156662	35	0
39013	994436	5156662	48	0
39014	994436	5156662	24	0
39015	994436	5156662	31	0
39016	994436	5156662	122	0
39017	994437	5156662	125	0
39018	994437	5156662	94	0
39019	994438	5156663	112	0
39020	994438	5156663	46	0
39021	994438	5156663	116	0
39022	994438	5156662	151	0
39023	994437	5156662	161	0
39024	994436	5156663	214	0
39025	994435	5156664	357	0
39026	994433	5156664	320	0
39027	994432	5156665	396	0
39028	994430	5156666	435	0
39029	994429	5156666	424	0
39030	994427	5156667	364	0
39031	994427	5156669	457	0
39032	994427	5156671	485	0
39033	994427	5156672	531	0
39034	994427	5156674	507	0
39035	994426	5156674	437	0
39036	994425	5156675	442	0
39037	994425	5156677	401	0
39038	994426	5156678	483	0
39039	994425	5156679	518	0
39040	994425	5156680	553	0
39041	994424	5156682	448	0
39042	994423	5156682	288	0
39043	994423	5156682	244	0
39044	994422	5156683	261	0
39045	994422	5156684	344	0
39046	994420	5156684	327	0
39047	994418	5156684	331	0
39048	994416	5156684	400	0
39049	994415	5156685	372	0
39050	994413	5156686	375	0
39051	994412	5156686	251	0
39052	994411	5156687	383	0
39053	994410	5156688	403	0
39054	994410	5156690	277	0
39055	994410	5156691	379	0
39056	994408	5156692	463	0
39057	994408	5156692	322	0
39058	994407	5156693	222	0
39059	994406	5156693	209	0
39060	994404	5156693	312	0
39061	994402	5156694	307	0
39062	994402	5156694	196	0
39063	994401	5156695	157	0
39064	994400	5156695	203	0
39065	994399	5156696	287	0
39066	994399	5156697	287	0
39067	994398	5156698	211	0
39068	994399	5156701	322	0
39069	994398	5156702	418	0
39070	994398	5156704	416	0
39071	994397	5156705	444	0
39072	994397	5156708	524	0
39073	994396	5156709	490	0
39074	994396	5156712	481	0
39075	994394	5156714	613	0
39076	994392	5156716	542	0
39077	994390	5156718	466	0
39078	994389	5156719	463	0
39079	994388	5156720	431	0
39080	994386	5156721	485	0
39081	994384	5156722	329	0
39082	994382	5156722	237	0
39083	994381	5156724	435	0
39084	994379	5156725	314	0
39085	994378	5156727	398	0
39086	994376	5156728	422	0
39087	994376	5156730	351	0
39088	994376	5156732	290	0
39089	994376	5156733	225	0
39090	994375	5156735	235	0
39091	994376	5156736	222	0
39092	994376	5156738	342	0
39093	994374	5156739	244	0
39094	994375	5156741	244	0
39095	994375	5156743	379	0
39096	994375	5156745	335	0
39097	994374	5156747	337	0
39098	994373	5156748	342	0
39099	994373	5156750	298	0
39100	994372	5156751	283	0
39101	994373	5156754	366	0
39102	994372	5156757	281	0
39103	994370	5156758	342	0
39104	994369	5156760	464	0
39105	994367	5156762	494	0
39106	994366	5156764	418	0
39107	994364	5156765	431	0
39108	994364	5156768	459	0
39109	994363	5156769	437	0
39110	994363	5156771	483	0
39111	994363	5156774	583	0
39112	994363	5156775	498	0
39113	994362	5156777	298	0
39114	994362	5156778	422	0
39115	994362	5156780	388	0
39116	994360	5156781	300	0
39117	994360	5156782	396	0
39118	994359	5156783	416	0
39119	994358	5156785	318	0
39120	994357	5156786	346	0
39121	994356	5156787	374	0
39122	994355	5156788	340	0
39123	994353	5156790	353	0
39124	994352	5156791	481	0
39125	994351	5156793	385	0
39126	994350	5156794	303	0
39127	994349	5156795	337	0
39128	994349	5156796	268	0
39129	994348	5156797	285	0
39130	994347	5156798	312	0
39131	994347	5156799	268	0
39132	994347	5156800	225	0
39133	994347	5156801	422	0
39134	994346	5156803	383	0
39135	994346	5156804	429	0
39136	994345	5156805	470	0
39137	994344	5156806	468	0
39138	994343	5156808	537	0
39139	994342	5156809	620	0
39140	994341	5156811	472	0
39141	994339	5156811	500	0
39142	994337	5156812	516	0
39143	994335	5156813	398	0
39144	994335	5156814	475	0
39145	994334	5156815	311	0
39146	994331	5156816	366	0
39147	994331	5156817	485	0
39148	994330	5156819	492	0
39149	994329	5156820	390	0
39150	994328	5156821	538	0
39151	994327	5156823	468	0
39152	994327	5156824	437	0
39153	994326	5156825	407	0
39154	994325	5156826	412	0
39155	994325	5156827	374	0
39156	994325	5156828	425	0
39157	994324	5156830	438	0
39158	994324	5156831	400	0
39159	994324	5156833	325	0
39160	994324	5156833	87	0
39161	994324	5156833	92	0
39162	994323	5156833	201	0
39163	994323	5156832	129	0
39164	994322	5156832	75	0
39165	994321	5156831	85	0
39166	994321	5156831	40	0
39167	994320	5156831	37	0
39168	994320	5156831	42	0
39169	994320	5156831	37	0
39170	994320	5156831	25	0
39171	994320	5156831	33	0
39172	994320	5156831	25	0
39173	994320	5156831	38	0
39174	994319	5156831	57	0
39175	994319	5156831	25	0
39176	994319	5156831	53	0
39177	994319	5156831	77	0
39178	994318	5156831	74	0
39179	994318	5156831	62	0
39180	994318	5156831	62	0
39181	994318	5156831	57	0
39182	994317	5156831	44	0
39183	994317	5156831	44	0
39184	994317	5156831	50	0
39185	994317	5156831	70	0
39186	994317	5156832	94	0
39187	994317	5156832	153	0
39188	994316	5156833	177	0
39189	994316	5156833	200	0
39190	994315	5156834	240	0
39191	994314	5156836	320	0
39192	994313	5156836	314	0
39193	994312	5156837	309	0
39194	994312	5156838	290	0
39195	994311	5156838	283	0
39196	994309	5156839	303	0
39197	994308	5156840	327	0
39198	994307	5156841	333	0
39199	994306	5156843	364	0
39200	994305	5156844	364	0
39201	994304	5156846	424	0
39202	994302	5156847	440	0
39203	994301	5156848	427	0
39204	994298	5156849	412	0
39205	994297	5156849	379	0
39206	994297	5156850	300	0
39207	994296	5156851	298	0
39208	994295	5156852	335	0
39209	994294	5156854	335	0
39210	994294	5156856	340	0
39211	994294	5156858	372	0
39212	994293	5156859	392	0
39213	994293	5156860	392	0
39214	994291	5156862	409	0
39215	994290	5156862	385	0
39216	994290	5156864	385	0
39217	994289	5156865	368	0
39218	994289	5156866	338	0
39219	994288	5156866	309	0
39220	994287	5156867	294	0
39221	994286	5156867	283	0
39222	994285	5156868	294	0
39223	994284	5156868	303	0
39224	994284	5156870	311	0
39225	994283	5156872	370	0
39226	994283	5156873	359	0
39227	994283	5156874	351	0
39228	994283	5156875	357	0
39229	994282	5156877	374	0
39230	994282	5156877	353	0
39231	994281	5156878	338	0
39232	994279	5156878	327	0
39233	994279	5156879	309	0
39234	994278	5156881	342	0
39235	994277	5156881	324	0
39236	994276	5156883	338	0
39237	994275	5156884	348	0
39238	994275	5156886	374	0
39239	994274	5156886	362	0
39240	994272	5156888	370	0
39241	994269	5156889	388	0
39242	994267	5156891	383	0
39243	994265	5156892	375	0
39244	994264	5156894	357	0
39245	994263	5156894	340	0
39246	994261	5156895	325	0
39247	994259	5156897	351	0
39248	994257	5156898	351	0
39249	994257	5156899	348	0
39250	994256	5156901	331	0
39251	994255	5156902	312	0
39252	994255	5156903	342	0
39253	994254	5156905	418	0
39254	994252	5156906	424	0
39255	994251	5156908	468	0
39256	994250	5156909	472	0
39257	994248	5156910	464	0
39258	994247	5156912	459	0
39259	994246	5156914	425	0
39260	994246	5156915	450	0
39261	994245	5156917	409	0
39262	994244	5156918	379	0
39263	994243	5156919	370	0
39264	994242	5156920	403	0
39265	994241	5156922	379	0
39266	994240	5156923	398	0
39267	994239	5156924	368	0
39268	994238	5156925	357	0
39269	994238	5156926	361	0
39270	994237	5156926	338	0
39271	994236	5156928	344	0
39272	994235	5156929	357	0
39273	994235	5156930	353	0
39274	994234	5156931	242	0
39275	994235	5156934	155	0
39276	994235	5156935	107	0
39277	994235	5156936	92	0
39278	994236	5156937	70	0
39279	994237	5156938	57	0
39280	994237	5156938	114	0
39281	994237	5156939	118	0
39282	994237	5156939	51	0
39283	994237	5156939	44	0
39284	994237	5156940	50	0
39285	994237	5156940	24	0
39286	994237	5156940	25	0
39287	994237	5156940	44	0
39288	994237	5156941	29	0
39289	994237	5156941	42	0
39290	994237	5156941	46	0
39291	994237	5156941	79	0
39292	994237	5156941	100	0
39293	994237	5156941	174	0
39294	994236	5156942	200	0
39295	994236	5156943	231	0
39296	994236	5156944	253	0
39297	994235	5156946	298	0
39298	994235	5156948	387	0
39299	994235	5156949	385	0
39300	994234	5156951	375	0
39301	994233	5156952	370	0
39302	994233	5156953	312	0
39303	994233	5156954	266	0
39304	994233	5156954	242	0
39305	994232	5156955	192	0
39306	994232	5156956	124	0
39307	994232	5156957	79	0
39308	994232	5156957	24	0
39309	994231	5156958	38	0
39310	994231	5156959	61	0
39311	994231	5156959	66	0
39312	994230	5156959	79	0
39313	994230	5156959	87	0
39314	994230	5156960	55	0
39315	994230	5156960	46	0
39316	994230	5156960	20	0
39317	994230	5156960	35	0
39318	994230	5156960	46	0
39319	994231	5156960	37	0
39320	994231	5156960	25	0
39321	994231	5156960	22	0
39322	994231	5156960	12	0
39323	994231	5156960	20	0
39324	994231	5156960	31	0
39325	994231	5156960	53	0
39326	994230	5156960	33	0
39327	994230	5156960	50	0
39328	994230	5156960	37	0
39329	994230	5156960	40	0
39330	994230	5156960	46	0
39331	994230	5156960	148	0
39332	994230	5156961	225	0
39333	994229	5156962	277	0
39334	994229	5156963	316	0
39335	994228	5156964	379	0
39336	994227	5156965	457	0
39337	994226	5156967	468	0
39338	994225	5156968	494	0
39339	994224	5156969	503	0
39340	994222	5156970	513	0
39341	994221	5156971	381	0
39342	994220	5156972	435	0
39343	994219	5156973	479	0
39344	994218	5156974	470	0
39345	994217	5156975	416	0
39346	994216	5156976	501	0
39347	994215	5156978	463	0
39348	994215	5156979	451	0
39349	994214	5156980	377	0
39350	994213	5156980	329	0
39351	994212	5156981	79	0
39352	994212	5156981	64	0
39353	994212	5156981	20	0
39354	994212	5156981	53	0
39355	994213	5156981	44	0
39356	994213	5156981	42	0
39357	994213	5156981	38	0
39358	994213	5156981	14	0
39359	994213	5156981	12	0
39360	994213	5156981	46	0
39361	994213	5156981	42	0
39362	994213	5156981	50	0
39363	994213	5156981	46	0
39364	994213	5156981	14	0
39365	994213	5156981	7	0
39366	994213	5156981	3	0
39367	994213	5156981	12	0
39368	994213	5156981	12	0
39369	994213	5156981	7	0
39370	994213	5156981	7	0
39371	994213	5156981	3	0
39372	994213	5156981	11	0
39373	994213	5156981	1	0
39374	994213	5156981	5	0
39375	994213	5156981	1	0
39376	994213	5156981	38	0
39377	994213	5156981	35	0
39378	994213	5156981	25	0
39379	994213	5156981	62	0
39380	994213	5156981	124	0
39381	994213	5156981	172	0
39382	994211	5156982	225	0
39383	994211	5156983	255	0
39384	994210	5156984	314	0
39385	994209	5156984	361	0
39386	994208	5156986	411	0
39387	994207	5156987	433	0
39388	994206	5156988	416	0
39389	994205	5156989	414	0
39390	994205	5156989	385	0
39391	994204	5156991	394	0
39392	994203	5156991	377	0
39393	994202	5156992	385	0
39394	994202	5156993	385	0
39395	994201	5156994	374	0
39396	994200	5156995	387	0
39397	994199	5156996	359	0
39398	994199	5156996	350	0
39399	994198	5156997	374	0
39400	994197	5156999	401	0
39401	994196	5157000	409	0
39402	994195	5157001	453	0
39403	994193	5157002	461	0
39404	994192	5157003	448	0
39405	994191	5157004	437	0
39406	994190	5157005	435	0
39407	994189	5157007	475	0
39408	994188	5157008	459	0
39409	994187	5157009	420	0
39410	994186	5157010	409	0
39411	994185	5157011	414	0
39412	994184	5157012	383	0
39413	994183	5157013	412	0
39414	994182	5157015	450	0
39415	994180	5157015	442	0
39416	994180	5157017	414	0
39417	994179	5157017	418	0
39418	994178	5157018	394	0
39419	994177	5157020	448	0
39420	994176	5157021	435	0
39421	994174	5157021	422	0
39422	994174	5157022	424	0
39423	994173	5157023	431	0
39424	994172	5157025	472	0
39425	994170	5157026	457	0
39426	994170	5157027	429	0
39427	994169	5157028	433	0
39428	994167	5157029	422	0
39429	994166	5157030	431	0
39430	994166	5157031	427	0
39431	994165	5157032	407	0
39432	994164	5157033	409	0
39433	994160	5157033	383	0
39434	994158	5157033	387	0
39435	994156	5157034	362	0
39436	994155	5157035	403	0
39437	994154	5157036	392	0
39438	994153	5157037	407	0
39439	994151	5157038	400	0
39440	994151	5157039	372	0
39441	994150	5157039	368	0
39442	994149	5157040	368	0
39443	994148	5157041	353	0
39444	994147	5157042	329	0
39445	994146	5157042	300	0
39446	994145	5157044	318	0
39447	994145	5157045	329	0
39448	994144	5157045	327	0
39449	994143	5157046	351	0
39450	994142	5157047	361	0
39451	994141	5157049	362	0
39452	994141	5157049	351	0
39453	994140	5157050	344	0
39454	994139	5157051	359	0
39455	994139	5157052	346	0
39456	994138	5157053	364	0
39457	994137	5157054	362	0
39458	994136	5157055	412	0
39459	994135	5157056	385	0
39460	994135	5157057	366	0
39461	994134	5157058	383	0
39462	994133	5157059	396	0
39463	994132	5157060	401	0
39464	994131	5157061	405	0
39465	994130	5157062	401	0
39466	994129	5157063	401	0
39467	994128	5157065	407	0
39468	994127	5157066	412	0
39469	994126	5157067	414	0
39470	994125	5157068	442	0
39471	994124	5157070	463	0
39472	994124	5157071	440	0
39473	994123	5157072	457	0
39474	994122	5157073	448	0
39475	994121	5157074	448	0
39476	994120	5157076	457	0
39477	994119	5157077	451	0
39478	994118	5157078	440	0
39479	994117	5157079	438	0
39480	994116	5157081	468	0
39481	994115	5157082	461	0
39482	994114	5157083	453	0
39483	994114	5157084	444	0
39484	994112	5157086	455	0
39485	994112	5157087	429	0
39486	994111	5157088	409	0
39487	994110	5157089	429	0
39488	994110	5157091	392	0
39489	994109	5157092	370	0
39490	994108	5157092	338	0
39491	994108	5157094	340	0
39492	994107	5157094	311	0
39493	994106	5157094	281	0
39494	994106	5157094	222	0
39495	994105	5157094	175	0
39496	994105	5157094	122	0
39497	994105	5157094	98	0
39498	994105	5157094	101	0
39499	994105	5157095	83	0
39500	994105	5157095	127	0
39501	994104	5157096	192	0
39502	994103	5157096	194	0
39503	994103	5157097	172	0
39504	994102	5157097	144	0
39505	994101	5157097	124	0
39506	994101	5157098	159	0
39507	994101	5157097	85	0
39508	994101	5157097	40	0
39509	994101	5157097	12	0
39510	994101	5157098	46	0
39511	994101	5157098	57	0
39512	994101	5157098	66	0
39513	994100	5157098	66	0
39514	994100	5157098	55	0
39515	994100	5157098	37	0
39516	994100	5157098	27	0
39517	994100	5157098	11	0
39518	994100	5157098	12	0
39519	994100	5157098	35	0
39520	994100	5157098	27	0
39521	994100	5157098	37	0
39522	994100	5157098	18	0
39523	994100	5157098	25	0
39524	994100	5157098	29	0
39525	994100	5157098	22	0
39526	994101	5157098	3	0
39527	994101	5157098	20	0
39528	994100	5157098	7	0
39529	994100	5157098	7	0
39530	994100	5157098	5	0
39531	994100	5157098	5	0
39532	994100	5157098	18	0
39533	994100	5157098	16	0
39534	994100	5157098	5	0
39535	994100	5157098	9	0
39536	994100	5157098	5	0
39537	994100	5157098	7	0
39538	994100	5157098	57	0
39539	994100	5157098	85	0
39540	994101	5157098	111	0
39541	994100	5157099	205	0
39542	994100	5157099	255	0
39543	994100	5157100	298	0
39544	994099	5157101	303	0
39545	994099	5157102	362	0
39546	994098	5157103	414	0
39547	994097	5157104	409	0
39548	994096	5157105	450	0
39549	994095	5157107	433	0
39550	994094	5157107	431	0
39551	994093	5157108	461	0
39552	994091	5157110	488	0
39553	994091	5157111	435	0
39554	994089	5157113	507	0
39555	994088	5157114	516	0
39556	994088	5157115	498	0
39557	994087	5157116	492	0
39558	994086	5157118	466	0
39559	994085	5157119	440	0
39560	994084	5157120	438	0
39561	994083	5157121	468	0
39562	994082	5157122	438	0
39563	994081	5157124	457	0
39564	994080	5157125	494	0
39565	994080	5157127	527	0
39566	994078	5157129	561	0
39567	994077	5157130	566	0
39568	994075	5157131	479	0
39569	994074	5157132	438	0
39570	994073	5157133	457	0
39571	994072	5157134	427	0
39572	994071	5157135	438	0
39573	994071	5157136	488	0
39574	994070	5157137	501	0
39575	994069	5157139	463	0
39576	994069	5157140	455	0
39577	994068	5157140	311	0
39578	994068	5157141	301	0
39579	994067	5157142	324	0
39580	994067	5157143	301	0
39581	994066	5157144	405	0
39582	994065	5157145	368	0
39583	994064	5157146	385	0
39584	994063	5157147	381	0
39585	994063	5157148	416	0
39586	994062	5157150	457	0
39587	994061	5157151	453	0
39588	994060	5157152	425	0
39589	994059	5157153	479	0
39590	994058	5157154	448	0
39591	994058	5157156	529	0
39592	994057	5157157	464	0
39593	994056	5157158	501	0
39594	994055	5157159	470	0
39595	994054	5157160	511	0
39596	994053	5157161	500	0
39597	994052	5157163	496	0
39598	994051	5157164	503	0
39599	994050	5157165	431	0
39600	994049	5157166	381	0
39601	994048	5157167	357	0
39602	994047	5157168	314	0
39603	994046	5157169	405	0
39604	994045	5157170	387	0
39605	994045	5157171	357	0
39606	994044	5157172	427	0
39607	994043	5157173	405	0
39608	994042	5157174	466	0
39609	994041	5157176	418	0
39610	994040	5157176	444	0
39611	994040	5157177	463	0
39612	994038	5157179	488	0
39613	994037	5157180	507	0
39614	994036	5157181	574	0
39615	994035	5157182	440	0
39616	994034	5157184	400	0
39617	994034	5157185	390	0
39618	994033	5157186	518	0
39619	994032	5157187	457	0
39620	994031	5157189	405	0
39621	994030	5157190	472	0
39622	994029	5157191	516	0
39623	994028	5157192	481	0
39624	994027	5157193	459	0
39625	994026	5157194	453	0
39626	994025	5157195	390	0
39627	994024	5157197	561	0
39628	994024	5157198	429	0
39629	994023	5157199	333	0
39630	994023	5157200	425	0
39631	994022	5157201	394	0
39632	994021	5157202	464	0
39633	994020	5157203	475	0
39634	994019	5157205	535	0
39635	994017	5157206	588	0
39636	994016	5157207	464	0
39637	994015	5157208	340	0
39638	994014	5157209	338	0
39639	994013	5157210	316	0
39640	994012	5157211	503	0
39641	994011	5157213	255	0
39642	994010	5157214	277	0
39643	994010	5157214	277	0
39644	994009	5157216	377	0
39645	994008	5157218	401	0
39646	994007	5157219	457	0
39647	994007	5157220	414	0
39648	994007	5157222	455	0
39649	994006	5157223	435	0
39650	994006	5157224	459	0
39651	994006	5157225	440	0
39652	994006	5157226	411	0
39653	994007	5157227	385	0
39654	994007	5157229	396	0
39655	994007	5157230	433	0
39656	994008	5157232	451	0
39657	994008	5157233	453	0
39658	994008	5157234	464	0
39659	994008	5157236	457	0
39660	994008	5157237	459	0
39661	994009	5157239	487	0
39662	994009	5157240	457	0
39663	994010	5157242	455	0
39664	994010	5157242	420	0
39665	994011	5157244	446	0
39666	994011	5157245	433	0
39667	994012	5157247	407	0
39668	994012	5157248	394	0
39669	994013	5157249	381	0
39670	994013	5157251	418	0
39671	994014	5157252	427	0
39672	994014	5157254	472	0
39673	994014	5157256	483	0
39674	994015	5157257	451	0
39675	994015	5157258	461	0
39676	994015	5157260	505	0
39677	994016	5157262	492	0
39678	994016	5157264	518	0
39679	994016	5157265	483	0
39680	994016	5157267	524	0
39681	994016	5157268	472	0
39682	994016	5157269	394	0
39683	994017	5157271	366	0
39684	994017	5157272	403	0
39685	994017	5157274	463	0
39686	994017	5157276	496	0
39687	994017	5157278	505	0
39688	994017	5157280	522	0
39689	994018	5157281	527	0
39690	994018	5157283	522	0
39691	994018	5157284	524	0
39692	994018	5157286	516	0
39693	994019	5157288	525	0
39694	994019	5157289	540	0
39695	994019	5157291	624	0
39696	994019	5157293	535	0
39697	994019	5157295	496	0
39698	994020	5157296	392	0
39699	994020	5157298	435	0
39700	994020	5157300	548	0
39701	994020	5157302	494	0
39702	994020	5157304	546	0
39703	994020	5157305	603	0
39704	994020	5157307	507	0
39705	994020	5157309	674	0
39706	994021	5157311	577	0
39707	994021	5157312	559	0
39708	994021	5157314	516	0
39709	994021	5157316	540	0
39710	994022	5157317	533	0
39711	994022	5157319	464	0
39712	994022	5157320	448	0
39713	994022	5157322	311	0
39714	994022	5157322	450	0
39715	994023	5157324	459	0
39716	994023	5157325	561	0
39717	994023	5157326	514	0
39718	994023	5157327	516	0
39719	994024	5157329	501	0
39720	994024	5157329	418	0
39721	994024	5157329	185	0
39722	994023	5157330	183	0
39723	994023	5157331	183	0
39724	994023	5157332	235	0
39725	994022	5157334	322	0
39726	994022	5157335	329	0
39727	994022	5157337	327	0
39728	994023	5157338	355	0
39729	994023	5157339	431	0
39730	994023	5157341	448	0
39731	994023	5157342	472	0
39732	994023	5157343	437	0
39733	994023	5157345	444	0
39734	994023	5157346	446	0
39735	994023	5157348	457	0
39736	994023	5157349	431	0
39737	994023	5157350	433	0
39738	994022	5157351	418	0
39739	994022	5157353	420	0
39740	994022	5157354	411	0
39741	994022	5157354	379	0
39742	994022	5157356	372	0
39743	994023	5157356	344	0
39744	994023	5157357	312	0
39745	994023	5157358	316	0
39746	994023	5157359	320	0
39747	994023	5157361	357	0
39748	994023	5157362	390	0
39749	994023	5157364	374	0
39750	994023	5157365	401	0
39751	994023	5157367	416	0
39752	994023	5157368	438	0
39753	994023	5157370	450	0
39754	994023	5157371	431	0
39755	994023	5157372	422	0
39756	994023	5157374	400	0
39757	994024	5157375	416	0
39758	994024	5157376	390	0
39759	994025	5157377	435	0
39760	994025	5157379	472	0
39761	994025	5157380	501	0
39762	994025	5157382	479	0
39763	994025	5157384	483	0
39764	994025	5157386	479	0
39765	994025	5157387	481	0
39766	994025	5157389	474	0
39767	994025	5157391	492	0
39768	994026	5157393	411	0
39769	994026	5157394	364	0
39770	994026	5157395	240	0
39771	994026	5157396	427	0
39772	994026	5157397	351	0
39773	994026	5157398	235	0
39774	994027	5157399	311	0
39775	994026	5157400	324	0
39776	994026	5157402	340	0
39777	994027	5157403	320	0
39778	994026	5157404	311	0
39779	994026	5157404	320	0
39780	994027	5157406	307	0
39781	994028	5157407	318	0
39782	994029	5157409	325	0
39783	994030	5157410	348	0
39784	994030	5157411	335	0
39785	994030	5157412	337	0
39786	994031	5157413	324	0
39787	994031	5157415	338	0
39788	994031	5157416	309	0
39789	994031	5157417	322	0
39790	994032	5157419	325	0
39791	994032	5157420	370	0
39792	994032	5157422	377	0
39793	994033	5157424	400	0
39794	994033	5157425	401	0
39795	994033	5157426	401	0
39796	994033	5157428	424	0
39797	994034	5157430	422	0
39798	994034	5157431	425	0
39799	994034	5157433	450	0
39800	994034	5157435	451	0
39801	994033	5157436	444	0
39802	994034	5157437	414	0
39803	994035	5157438	433	0
39804	994036	5157440	425	0
39805	994036	5157442	429	0
39806	994037	5157443	444	0
39807	994038	5157445	474	0
39808	994039	5157446	472	0
39809	994040	5157448	451	0
39810	994040	5157449	446	0
39811	994040	5157451	446	0
39812	994040	5157453	416	0
39813	994040	5157454	361	0
39814	994041	5157456	366	0
39815	994040	5157459	385	0
39816	994040	5157461	331	0
39817	994040	5157462	277	0
39818	994040	5157464	192	0
